trial,time,x,y
1,0.001,-2,-280
1,0.118,-2,-279
1,0.135,-2,-278
1,0.201,-3,-276
1,0.218,-3,-275
1,0.235,-3,-273
1,0.252,-3,-272
1,0.268,-3,-270
1,0.285,-3,-268
1,0.316,-3,-265
1,0.333,-3,-264
1,0.350,-3,-262
1,0.366,-3,-261
1,0.383,-4,-260
1,0.400,-4,-258
1,0.417,-4,-257
1,0.433,-4,-256
1,0.467,-4,-254
1,0.500,-4,-253
1,0.516,-4,-252
1,0.566,-4,-251
1,0.600,-4,-250
1,0.666,-4,-249
1,0.702,-4,-248
1,0.802,-4,-247
1,0.834,-4,-246
1,0.885,-4,-245
1,0.901,-4,-244
1,0.949,-4,-243
1,0.968,-4,-242
1,1.034,-4,-241
1,1.051,-4,-240
1,1.084,-4,-239
1,1.102,-4,-238
1,1.151,-4,-237
1,1.168,-4,-236
1,1.184,-4,-234
1,1.201,-3,-234
1,1.218,-3,-233
1,1.235,-3,-232
1,1.255,-3,-231
1,1.267,-3,-230
1,1.284,-2,-230
1,1.302,-2,-228
1,1.334,-1,-227
1,1.353,-1,-226
1,1.384,-1,-225
1,1.401,-1,-224
1,1.435,-1,-223
1,1.451,0,-222
1,1.501,0,-221
1,1.517,1,-220
1,1.551,1,-219
1,1.569,1,-218
1,1.599,1,-217
1,1.635,1,-216
1,1.651,1,-215
1,1.667,1,-214
1,1.684,1,-213
1,1.701,1,-212
1,1.718,1,-210
1,1.751,1,-208
1,1.785,2,-207
1,1.801,2,-206
1,1.833,2,-205
1,1.851,3,-205
1,1.867,3,-204
1,1.934,3,-203
1,1.967,3,-202
1,2.017,3,-201
1,2.034,3,-200
1,2.067,3,-198
1,2.084,3,-197
1,2.101,2,-195
1,2.118,2,-194
1,2.134,2,-192
1,2.153,2,-190
1,2.168,2,-188
1,2.188,3,-186
1,2.205,3,-184
1,2.234,3,-182
1,2.261,3,-181
1,2.278,3,-180
1,2.297,2,-178
1,2.316,2,-176
1,2.333,2,-174
1,2.350,1,-173
1,2.366,1,-171
1,2.382,1,-170
1,2.400,1,-169
1,2.416,2,-167
1,2.433,2,-165
1,2.450,2,-164
1,2.466,2,-163
1,2.483,2,-161
1,2.499,2,-160
1,2.516,2,-159
1,2.533,1,-158
1,2.550,1,-156
1,2.566,1,-154
1,2.583,1,-153
1,2.599,2,-152
1,2.616,2,-150
1,2.633,2,-148
1,2.649,3,-146
1,2.682,3,-144
1,2.699,3,-143
1,2.716,3,-141
1,2.732,3,-140
1,2.749,3,-139
1,2.766,3,-137
1,2.782,3,-135
1,2.799,3,-134
1,2.815,3,-131
1,2.832,3,-128
1,2.849,3,-126
1,2.883,3,-124
1,2.900,3,-122
1,2.916,3,-120
1,2.933,3,-119
1,2.950,3,-118
1,2.966,4,-116
1,2.983,4,-113
1,3.000,4,-111
1,3.017,5,-110
1,3.033,5,-108
1,3.050,5,-106
1,3.066,5,-104
1,3.099,5,-102
1,3.116,6,-100
1,3.133,6,-99
1,3.149,6,-98
1,3.167,6,-96
1,3.183,7,-94
1,3.200,7,-92
1,3.216,7,-90
1,3.233,7,-89
1,3.250,8,-88
1,3.267,8,-86
1,3.284,8,-85
1,3.300,8,-84
1,3.317,9,-82
1,3.333,9,-81
1,3.350,10,-79
1,3.366,10,-78
1,3.383,11,-76
1,3.400,11,-74
1,3.418,12,-73
1,3.433,12,-72
1,3.449,13,-70
1,3.483,13,-68
1,3.516,13,-66
1,3.549,14,-64
1,3.583,14,-63
1,3.600,14,-62
1,3.617,15,-61
1,3.633,15,-60
1,3.666,15,-58
1,3.700,15,-57
1,3.716,15,-56
1,3.733,16,-54
1,3.751,16,-53
1,3.767,16,-52
1,3.801,17,-50
1,3.826,17,-49
1,3.844,17,-48
1,3.865,17,-47
1,3.883,17,-46
1,3.901,17,-45
1,3.931,17,-44
1,3.951,18,-42
1,3.970,18,-41
1,3.983,18,-40
1,4.001,19,-38
1,4.017,19,-36
1,4.034,19,-34
1,4.050,19,-33
1,4.067,19,-31
1,4.084,20,-29
1,4.101,20,-27
1,4.116,20,-26
1,4.134,21,-24
1,4.150,21,-22
1,4.166,21,-20
1,4.183,21,-18
1,4.200,21,-16
1,4.216,22,-13
1,4.233,22,-11
1,4.251,23,-10
1,4.267,23,-8
1,4.286,23,-7
1,4.300,23,-6
1,4.317,23,-4
1,4.333,23,-3
1,4.351,24,-1
1,4.366,24,1
1,4.383,24,2
1,4.400,25,4
1,4.417,25,6
1,4.434,25,8
1,4.450,25,9
1,4.481,25,12
1,4.502,25,14
1,4.516,26,14
1,4.533,27,16
1,4.550,27,18
1,4.567,28,21
1,4.583,29,24
1,4.602,29,26
1,4.620,29,27
1,4.634,30,29
1,4.651,31,31
1,4.667,32,32
1,4.685,33,35
1,4.700,34,38
1,4.731,35,42
1,4.751,35,45
1,4.766,36,47
1,4.783,36,49
1,4.800,36,50
1,4.817,37,52
1,4.834,37,54
1,4.850,37,57
1,4.867,37,59
1,4.883,37,62
1,4.901,37,64
1,4.917,37,67
1,4.935,36,70
1,4.950,36,71
1,4.969,36,74
1,4.983,36,77
1,5.001,35,80
1,5.031,35,84
1,5.050,34,86
1,5.067,34,88
1,5.086,33,91
1,5.100,33,92
1,5.117,33,95
1,5.133,32,97
1,5.151,31,98
1,5.166,31,101
1,5.183,29,103
1,5.200,29,105
1,5.217,28,106
1,5.249,27,110
1,5.267,26,112
1,5.301,25,114
1,5.315,25,117
1,5.332,24,119
1,5.348,23,120
1,5.365,23,122
1,5.382,21,124
1,5.398,19,126
1,5.415,19,128
1,5.432,17,130
1,5.449,15,132
1,5.465,14,134
1,5.481,13,135
1,5.498,12,137
1,5.515,11,140
1,5.531,9,142
1,5.565,8,144
1,5.582,7,146
1,5.598,5,148
1,5.615,5,149
1,5.632,3,151
1,5.648,2,153
1,5.665,0,154
1,5.681,-1,156
1,5.698,-2,158
1,5.715,-3,159
1,5.731,-5,160
1,5.748,-6,161
1,5.764,-7,163
1,5.781,-9,164
1,5.799,-10,166
1,5.814,-11,166
1,5.831,-11,167
1,5.847,-12,168
1,5.864,-13,170
1,5.898,-15,172
1,5.914,-15,174
1,5.933,-17,176
1,5.951,-18,177
1,5.969,-19,178
1,5.986,-20,179
1,6.003,-22,181
1,6.020,-24,182
1,6.048,-26,185
1,6.068,-27,186
1,6.085,-29,188
1,6.114,-29,190
1,6.132,-30,191
1,6.150,-31,192
1,6.165,-31,193
1,6.183,-31,195
1,6.200,-32,196
1,6.216,-33,198
1,6.249,-34,200
1,6.266,-35,200
1,6.283,-36,202
1,6.302,-37,204
1,6.327,-39,204
1,6.345,-40,206
1,6.365,-41,207
1,6.384,-41,208
1,6.402,-43,209
1,6.430,-43,210
1,6.450,-44,212
1,6.467,-45,213
1,6.483,-45,214
1,6.501,-46,215
1,6.518,-47,216
1,6.547,-48,218
1,6.566,-49,220
1,6.583,-49,221
1,6.614,-50,223
1,6.633,-50,224
1,6.650,-51,226
1,6.670,-51,227
1,6.688,-51,229
1,6.715,-52,232
1,6.733,-53,233
1,6.749,-53,235
1,6.766,-54,236
1,6.783,-55,238
1,6.800,-56,240
1,6.814,-57,241
1,6.831,-58,242
1,6.848,-59,244
1,6.864,-59,246
1,6.881,-60,246
1,6.898,-60,248
2,0.000,-2,-282
2,0.118,-2,-281
2,0.135,-2,-280
2,0.151,-3,-280
2,0.185,-3,-279
2,0.201,-3,-278
2,0.218,-3,-277
2,0.235,-3,-276
2,0.268,-4,-275
2,0.284,-4,-274
2,0.301,-4,-273
2,0.318,-5,-272
2,0.351,-5,-270
2,0.388,-5,-268
2,0.419,-5,-267
2,0.440,-5,-266
2,0.459,-5,-264
2,0.484,-5,-263
2,0.503,-6,-262
2,0.520,-6,-261
2,0.534,-6,-260
2,0.554,-6,-259
2,0.568,-7,-258
2,0.590,-7,-257
2,0.610,-7,-256
2,0.634,-7,-254
2,0.654,-7,-253
2,0.682,-7,-252
2,0.700,-7,-251
2,0.718,-7,-250
2,0.750,-7,-249
2,0.767,-7,-248
2,0.783,-7,-247
2,0.800,-8,-247
2,0.818,-8,-246
2,0.839,-8,-244
2,0.867,-8,-243
2,0.886,-8,-242
2,0.920,-9,-240
2,0.952,-9,-238
2,0.987,-9,-237
2,1.002,-9,-236
2,1.022,-9,-235
2,1.041,-9,-234
2,1.051,-9,-233
2,1.068,-8,-232
2,1.089,-8,-230
2,1.133,-8,-228
2,1.152,-7,-226
2,1.183,-7,-225
2,1.199,-7,-224
2,1.216,-7,-223
2,1.233,-7,-222
2,1.267,-7,-221
2,1.285,-7,-220
2,1.308,-7,-219
2,1.326,-7,-218
2,1.349,-7,-216
2,1.386,-7,-215
2,1.401,-7,-214
2,1.434,-6,-212
2,1.480,-6,-210
2,1.532,-5,-208
2,1.582,-5,-206
2,1.616,-5,-205
2,1.632,-5,-204
2,1.668,-5,-202
2,1.699,-5,-201
2,1.716,-5,-200
2,1.733,-5,-199
2,1.750,-5,-198
2,1.766,-5,-197
2,1.783,-5,-196
2,1.799,-5,-195
2,1.817,-5,-194
2,1.833,-5,-192
2,1.849,-4,-191
2,1.866,-4,-190
2,1.883,-4,-189
2,1.899,-4,-188
2,1.916,-3,-187
2,1.933,-3,-186
2,1.949,-3,-185
2,1.967,-3,-184
2,1.999,-3,-183
2,2.016,-3,-182
2,2.033,-3,-181
2,2.051,-3,-180
2,2.090,-3,-179
2,2.116,-3,-178
2,2.136,-3,-177
2,2.166,-3,-176
2,2.201,-3,-174
2,2.253,-3,-172
2,2.285,-3,-171
2,2.300,-3,-170
2,2.341,-3,-168
2,2.366,-3,-167
2,2.382,-3,-166
2,2.398,-3,-165
2,2.415,-3,-164
2,2.448,-4,-162
2,2.465,-4,-161
2,2.482,-4,-160
2,2.498,-4,-159
2,2.515,-5,-158
2,2.532,-5,-157
2,2.548,-5,-156
2,2.565,-5,-155
2,2.582,-5,-154
2,2.598,-5,-153
2,2.615,-5,-152
2,2.632,-5,-151
2,2.649,-5,-150
2,2.666,-5,-148
2,2.700,-5,-146
2,2.716,-5,-145
2,2.733,-6,-144
2,2.750,-6,-142
2,2.766,-7,-142
2,2.783,-7,-141
2,2.799,-7,-140
2,2.816,-8,-138
2,2.849,-8,-137
2,2.866,-8,-136
2,2.883,-9,-134
2,2.899,-9,-133
2,2.916,-9,-132
2,2.933,-10,-130
2,2.950,-10,-128
2,2.968,-11,-126
2,2.984,-11,-124
2,3.007,-12,-122
2,3.029,-13,-120
2,3.050,-14,-117
2,3.072,-15,-113
2,3.090,-16,-110
2,3.100,-17,-109
2,3.116,-17,-108
2,3.133,-19,-105
2,3.149,-21,-102
2,3.166,-23,-99
2,3.182,-23,-98
2,3.199,-25,-95
2,3.216,-25,-92
2,3.232,-27,-89
2,3.249,-28,-88
2,3.266,-29,-84
2,3.283,-30,-82
2,3.302,-31,-79
2,3.317,-31,-76
2,3.334,-32,-75
2,3.350,-33,-72
2,3.368,-33,-69
2,3.383,-35,-66
2,3.409,-36,-64
2,3.429,-37,-61
2,3.451,-40,-57
2,3.471,-41,-54
2,3.493,-43,-52
2,3.516,-45,-47
2,3.534,-46,-46
2,3.551,-47,-43
2,3.567,-49,-40
2,3.586,-49,-37
2,3.600,-50,-36
2,3.618,-51,-32
2,3.633,-53,-30
2,3.650,-55,-26
2,3.668,-57,-23
2,3.684,-57,-22
2,3.709,-60,-17
2,3.731,-62,-14
2,3.750,-64,-11
2,3.769,-66,-8
2,3.783,-67,-6
2,3.802,-68,-3
2,3.816,-69,-2
2,3.835,-69,1
2,3.852,-70,4
2,3.866,-71,7
2,3.883,-72,8
2,3.899,-74,11
2,3.917,-77,14
2,3.933,-79,17
2,3.949,-79,19
2,3.966,-81,22
2,3.985,-83,25
2,4.000,-85,28
2,4.018,-86,30
2,4.033,-87,32
2,4.050,-87,34
2,4.066,-89,37
2,4.083,-89,40
2,4.100,-90,42
2,4.116,-91,44
2,4.133,-91,46
2,4.149,-93,49
2,4.166,-94,50
2,4.183,-95,53
2,4.200,-97,55
2,4.216,-97,58
2,4.233,-98,58
2,4.250,-99,60
2,4.266,-100,62
2,4.283,-101,64
2,4.300,-101,65
2,4.316,-103,67
2,4.333,-104,69
2,4.349,-105,71
2,4.366,-105,72
2,4.383,-105,74
2,4.399,-106,75
2,4.417,-107,77
2,4.432,-107,78
2,4.450,-107,80
2,4.466,-107,83
2,4.483,-108,85
2,4.499,-109,86
2,4.517,-109,88
2,4.533,-110,91
2,4.549,-111,93
2,4.567,-111,94
2,4.583,-112,96
2,4.600,-113,98
2,4.616,-113,100
2,4.635,-114,101
2,4.649,-114,102
2,4.667,-115,104
2,4.700,-116,106
2,4.717,-117,108
2,4.733,-118,110
2,4.750,-119,112
2,4.787,-119,114
2,4.799,-120,116
2,4.816,-121,118
2,4.850,-121,120
2,4.866,-123,122
2,4.883,-123,124
2,4.899,-124,126
2,4.916,-125,127
2,4.933,-125,129
2,4.950,-126,131
2,4.966,-126,132
2,4.983,-127,134
2,5.000,-127,136
2,5.016,-127,138
2,5.034,-128,139
2,5.049,-128,141
2,5.066,-129,143
2,5.082,-130,144
2,5.099,-131,146
2,5.116,-131,148
2,5.133,-133,149
2,5.149,-133,151
2,5.166,-134,152
2,5.184,-135,154
2,5.199,-135,155
2,5.218,-136,157
2,5.233,-137,158
2,5.249,-137,160
2,5.266,-138,162
2,5.283,-139,163
2,5.299,-139,165
2,5.317,-139,166
2,5.333,-140,168
2,5.349,-140,170
2,5.366,-140,171
2,5.384,-141,173
2,5.400,-141,175
2,5.416,-141,177
2,5.434,-141,178
2,5.450,-142,180
2,5.466,-143,182
2,5.485,-143,184
2,5.499,-144,184
2,5.517,-145,186
2,5.533,-145,188
2,5.549,-145,190
2,5.566,-145,191
2,5.583,-146,193
2,5.599,-147,196
2,5.616,-147,198
2,5.633,-147,199
2,5.649,-147,201
2,5.667,-148,203
2,5.697,-149,206
2,5.716,-150,209
2,5.736,-150,211
2,5.763,-151,214
2,5.781,-151,217
2,5.798,-151,219
2,5.815,-151,220
2,5.832,-151,223
2,5.849,-152,226
2,5.865,-152,228
2,5.882,-153,230
2,5.900,-153,232
2,5.917,-153,234
2,5.933,-153,237
2,5.950,-153,240
2,5.966,-153,241
2,5.983,-153,244
2,6.000,-153,246
2,6.019,-153,248
2,6.039,-153,251
2,6.059,-153,253
2,6.079,-153,255
2,6.097,-153,257
2,6.114,-153,258
2,6.131,-153,260
2,6.148,-153,261
3,0.000,-6,-276
3,0.118,-6,-275
3,0.151,-6,-274
3,0.168,-6,-273
3,0.185,-7,-272
3,0.201,-7,-270
3,0.233,-7,-269
3,0.267,-7,-267
3,0.283,-7,-266
3,0.300,-7,-264
3,0.317,-7,-262
3,0.350,-7,-260
3,0.367,-7,-258
3,0.384,-7,-257
3,0.400,-8,-256
3,0.418,-8,-255
3,0.435,-8,-253
3,0.454,-8,-252
3,0.468,-8,-250
3,0.502,-8,-248
3,0.523,-8,-247
3,0.536,-8,-246
3,0.566,-8,-244
3,0.585,-8,-243
3,0.601,-8,-242
3,0.619,-8,-241
3,0.635,-8,-240
3,0.652,-8,-239
3,0.669,-9,-238
3,0.685,-9,-237
3,0.704,-9,-236
3,0.718,-9,-235
3,0.736,-9,-234
3,0.770,-9,-232
3,0.802,-9,-230
3,0.838,-9,-229
3,0.857,-9,-228
3,0.869,-9,-227
3,0.890,-9,-226
3,0.901,-9,-225
3,0.919,-9,-224
3,0.953,-9,-222
3,0.985,-9,-221
3,1.001,-10,-220
3,1.018,-10,-219
3,1.034,-10,-218
3,1.052,-11,-217
3,1.068,-11,-216
3,1.085,-11,-215
3,1.103,-11,-214
3,1.118,-12,-212
3,1.135,-12,-210
3,1.151,-13,-210
3,1.169,-13,-208
3,1.184,-13,-206
3,1.202,-13,-204
3,1.219,-15,-202
3,1.247,-17,-198
3,1.266,-18,-196
3,1.283,-19,-195
3,1.300,-21,-193
3,1.316,-22,-190
3,1.333,-23,-188
3,1.351,-25,-186
3,1.368,-25,-185
3,1.385,-27,-183
3,1.401,-29,-181
3,1.418,-29,-179
3,1.434,-30,-178
3,1.453,-31,-176
3,1.468,-32,-174
3,1.485,-33,-172
3,1.501,-33,-170
3,1.519,-35,-168
3,1.538,-37,-166
3,1.551,-39,-164
3,1.568,-41,-162
3,1.584,-43,-160
3,1.602,-45,-157
3,1.618,-47,-155
3,1.640,-48,-153
3,1.652,-49,-152
3,1.670,-50,-149
3,1.684,-52,-147
3,1.699,-53,-146
3,1.716,-55,-144
3,1.732,-57,-141
3,1.749,-60,-138
3,1.766,-61,-138
3,1.783,-63,-135
3,1.799,-65,-133
3,1.816,-67,-131
3,1.833,-67,-130
3,1.849,-69,-127
3,1.866,-71,-125
3,1.883,-74,-122
3,1.899,-77,-119
3,1.916,-79,-118
3,1.933,-81,-116
3,1.949,-84,-113
3,1.966,-85,-110
3,1.982,-87,-109
3,2.000,-89,-106
3,2.016,-91,-102
3,2.033,-93,-99
3,2.049,-95,-97
3,2.068,-97,-94
3,2.085,-100,-91
3,2.100,-102,-88
3,2.116,-103,-86
3,2.133,-105,-84
3,2.150,-106,-81
3,2.166,-107,-78
3,2.183,-108,-77
3,2.199,-109,-74
3,2.217,-111,-72
3,2.233,-111,-70
3,2.249,-112,-69
3,2.265,-113,-67
3,2.282,-115,-64
3,2.299,-117,-62
3,2.316,-117,-61
3,2.332,-118,-59
3,2.349,-119,-58
3,2.366,-119,-56
3,2.383,-120,-54
3,2.400,-120,-53
3,2.416,-121,-52
3,2.433,-122,-50
3,2.449,-123,-48
3,2.466,-123,-47
3,2.483,-123,-45
3,2.499,-124,-43
3,2.516,-125,-42
3,2.533,-125,-41
3,2.550,-125,-39
3,2.567,-125,-37
3,2.583,-126,-35
3,2.600,-126,-34
3,2.616,-127,-32
3,2.634,-127,-30
3,2.652,-127,-29
3,2.667,-127,-27
3,2.687,-127,-25
3,2.699,-127,-24
3,2.716,-127,-23
3,2.732,-127,-22
3,2.749,-128,-20
3,2.766,-128,-19
3,2.782,-128,-18
3,2.799,-128,-16
3,2.817,-128,-15
3,2.840,-128,-13
3,2.851,-128,-12
3,2.869,-128,-11
3,2.884,-129,-10
3,2.902,-129,-9
3,2.917,-129,-8
3,2.934,-129,-6
3,2.951,-129,-5
3,2.968,-129,-4
3,2.984,-129,-3
3,3.002,-129,-2
3,3.032,-130,0
3,3.052,-130,2
3,3.067,-129,3
3,3.084,-129,4
3,3.100,-129,5
3,3.118,-130,6
3,3.134,-130,8
3,3.167,-130,9
3,3.185,-130,10
3,3.200,-130,12
3,3.217,-130,13
3,3.234,-130,14
3,3.255,-131,16
3,3.277,-131,17
3,3.297,-131,18
3,3.316,-131,20
3,3.339,-131,21
3,3.350,-131,22
3,3.384,-131,24
3,3.417,-131,26
3,3.450,-131,27
3,3.469,-132,28
3,3.485,-132,30
3,3.500,-132,31
3,3.517,-132,32
3,3.534,-133,34
3,3.552,-133,35
3,3.567,-133,36
3,3.587,-133,38
3,3.600,-133,39
3,3.618,-133,40
3,3.634,-133,42
3,3.651,-133,43
3,3.669,-133,44
3,3.684,-133,45
3,3.702,-133,46
3,3.717,-133,47
3,3.735,-134,48
3,3.750,-134,50
3,3.767,-135,51
3,3.783,-135,53
3,3.801,-135,54
3,3.817,-136,56
3,3.835,-137,57
3,3.850,-137,59
3,3.868,-137,60
3,3.899,-139,65
3,3.916,-139,67
3,3.933,-140,68
3,3.951,-141,71
3,3.966,-141,74
3,3.986,-141,76
3,4.000,-141,78
3,4.019,-142,80
3,4.034,-143,84
3,4.051,-143,86
3,4.066,-144,87
3,4.085,-145,90
3,4.101,-145,92
3,4.117,-145,94
3,4.134,-145,95
3,4.150,-146,97
3,4.167,-147,100
3,4.184,-147,102
3,4.202,-148,104
3,4.235,-149,107
3,4.251,-150,109
3,4.271,-151,111
3,4.297,-153,114
3,4.316,-154,115
3,4.332,-155,118
3,4.350,-157,120
3,4.365,-159,122
3,4.382,-160,124
3,4.399,-162,126
3,4.416,-163,128
3,4.432,-165,130
3,4.449,-165,132
3,4.465,-167,134
3,4.482,-168,137
3,4.499,-170,140
3,4.515,-171,141
3,4.532,-173,144
3,4.550,-176,147
3,4.567,-178,150
3,4.584,-179,152
3,4.601,-180,153
3,4.617,-181,156
3,4.634,-183,158
3,4.650,-184,160
3,4.671,-185,162
3,4.684,-186,164
3,4.702,-188,166
3,4.716,-189,168
3,4.734,-191,169
3,4.750,-193,171
3,4.766,-194,172
3,4.784,-195,174
3,4.800,-196,175
3,4.817,-197,176
3,4.834,-199,178
3,4.850,-200,180
3,4.866,-201,180
3,4.883,-202,182
3,4.900,-203,184
3,4.917,-203,185
3,4.934,-204,186
3,4.964,-206,189
3,4.983,-207,190
3,5.000,-208,192
3,5.016,-209,193
3,5.033,-209,194
3,5.050,-211,196
3,5.066,-211,197
3,5.083,-213,199
3,5.100,-214,200
3,5.116,-215,202
3,5.134,-215,204
3,5.150,-217,205
3,5.167,-217,207
3,5.183,-217,209
3,5.199,-218,210
3,5.217,-218,212
3,5.233,-219,214
3,5.252,-219,217
3,5.266,-219,218
3,5.289,-220,222
3,5.321,-220,225
3,5.347,-219,229
3,5.369,-219,232
3,5.382,-219,234
3,5.400,-219,236
3,5.417,-219,238
3,5.433,-219,240
3,5.450,-219,243
3,5.466,-219,244
3,5.483,-218,248
3,5.500,-218,250
3,5.516,-217,253
3,5.533,-217,254
3,5.549,-217,257
3,5.566,-217,258
3,5.583,-217,259
3,5.600,-217,260
4,0.000,-3,-282
4,0.068,-3,-280
4,0.118,-3,-278
4,0.154,-3,-276
4,0.186,-3,-274
4,0.204,-4,-272
4,0.234,-4,-270
4,0.250,-4,-268
4,0.283,-4,-266
4,0.299,-4,-265
4,0.316,-4,-264
4,0.333,-4,-263
4,0.350,-4,-262
4,0.367,-4,-261
4,0.384,-4,-260
4,0.401,-4,-258
4,0.418,-3,-257
4,0.434,-3,-256
4,0.451,-3,-255
4,0.467,-3,-254
4,0.484,-3,-252
4,0.517,-3,-251
4,0.534,-3,-250
4,0.550,-3,-249
4,0.567,-3,-248
4,0.601,-3,-246
4,0.635,-2,-245
4,0.650,-2,-244
4,0.684,-2,-243
4,0.700,-2,-242
4,0.717,-1,-242
4,0.734,-1,-241
4,0.767,-1,-240
4,0.800,-1,-238
4,0.817,-2,-238
4,0.833,-2,-237
4,0.852,-2,-236
4,0.867,-3,-235
4,0.884,-3,-234
4,0.917,-3,-232
4,0.934,-3,-230
4,0.950,-3,-229
4,0.967,-3,-228
4,0.984,-4,-226
4,1.001,-4,-225
4,1.017,-4,-223
4,1.034,-4,-222
4,1.050,-5,-220
4,1.067,-5,-218
4,1.084,-5,-216
4,1.101,-6,-216
4,1.117,-6,-214
4,1.134,-6,-212
4,1.151,-6,-210
4,1.167,-6,-208
4,1.184,-6,-206
4,1.201,-6,-204
4,1.217,-6,-202
4,1.234,-6,-200
4,1.267,-6,-198
4,1.283,-6,-196
4,1.301,-6,-194
4,1.319,-6,-193
4,1.333,-5,-190
4,1.350,-5,-188
4,1.367,-5,-187
4,1.384,-5,-186
4,1.401,-5,-184
4,1.417,-4,-182
4,1.434,-4,-181
4,1.450,-4,-180
4,1.467,-3,-179
4,1.483,-3,-177
4,1.500,-3,-176
4,1.517,-2,-175
4,1.533,-2,-173
4,1.551,-1,-171
4,1.567,-1,-169
4,1.583,-1,-168
4,1.600,0,-166
4,1.617,1,-164
4,1.633,1,-163
4,1.650,2,-162
4,1.667,3,-160
4,1.683,3,-159
4,1.700,3,-158
4,1.717,3,-157
4,1.733,4,-155
4,1.750,5,-154
4,1.767,5,-152
4,1.783,5,-150
4,1.800,5,-148
4,1.817,6,-146
4,1.833,6,-144
4,1.850,7,-144
4,1.866,7,-142
4,1.883,7,-140
4,1.900,8,-138
4,1.916,9,-136
4,1.934,9,-134
4,1.950,11,-131
4,1.967,11,-129
4,1.983,12,-128
4,2.000,13,-126
4,2.017,14,-124
4,2.033,15,-121
4,2.050,16,-120
4,2.067,17,-118
4,2.084,19,-116
4,2.100,20,-114
4,2.117,21,-111
4,2.133,21,-110
4,2.150,23,-108
4,2.167,24,-106
4,2.184,25,-104
4,2.200,25,-103
4,2.217,25,-101
4,2.234,27,-99
4,2.250,27,-97
4,2.268,28,-96
4,2.284,29,-94
4,2.300,31,-92
4,2.317,31,-90
4,2.333,32,-88
4,2.350,33,-87
4,2.367,34,-85
4,2.383,36,-84
4,2.400,36,-83
4,2.417,37,-82
4,2.433,38,-80
4,2.450,39,-79
4,2.466,39,-78
4,2.483,40,-77
4,2.500,41,-76
4,2.517,41,-74
4,2.533,41,-73
4,2.550,42,-72
4,2.567,42,-70
4,2.585,43,-70
4,2.600,43,-69
4,2.616,43,-68
4,2.633,44,-67
4,2.650,44,-66
4,2.666,45,-66
4,2.683,45,-64
4,2.716,46,-63
4,2.733,46,-62
4,2.749,47,-62
4,2.766,47,-60
4,2.817,48,-58
4,2.833,49,-57
4,2.850,49,-56
4,2.883,50,-55
4,2.900,50,-54
4,2.917,51,-53
4,2.933,51,-52
4,2.966,52,-51
4,2.983,53,-50
4,2.999,53,-49
4,3.016,53,-48
4,3.033,54,-48
4,3.050,55,-47
4,3.066,55,-46
4,3.100,56,-44
4,3.116,57,-44
4,3.133,57,-43
4,3.166,57,-42
4,3.183,58,-41
4,3.216,59,-40
4,3.233,59,-39
4,3.249,59,-38
4,3.285,59,-37
4,3.300,60,-36
4,3.316,61,-35
4,3.333,61,-34
4,3.350,61,-33
4,3.366,61,-32
4,3.383,62,-31
4,3.399,62,-30
4,3.433,63,-29
4,3.450,63,-28
4,3.466,63,-27
4,3.483,63,-26
4,3.516,63,-25
4,3.533,63,-24
4,3.549,64,-24
4,3.566,64,-23
4,3.583,65,-22
4,3.600,65,-20
4,3.633,65,-19
4,3.650,66,-18
4,3.666,66,-17
4,3.683,66,-16
4,3.700,67,-14
4,3.732,67,-12
4,3.766,68,-11
4,3.783,69,-10
4,3.799,69,-9
4,3.816,69,-8
4,3.833,70,-8
4,3.849,71,-6
4,3.883,71,-5
4,3.899,72,-4
4,3.916,73,-3
4,3.949,73,-2
4,3.966,74,-1
4,3.983,75,0
4,3.999,75,1
4,4.016,75,2
4,4.033,75,4
4,4.049,76,5
4,4.066,77,6
4,4.083,77,7
4,4.100,78,8
4,4.116,79,9
4,4.133,79,10
4,4.150,79,11
4,4.166,79,12
4,4.183,80,13
4,4.199,80,14
4,4.216,81,14
4,4.232,81,15
4,4.250,81,16
4,4.266,81,17
4,4.283,81,18
4,4.300,81,19
4,4.317,81,20
4,4.333,82,22
4,4.367,82,24
4,4.382,83,25
4,4.399,83,26
4,4.433,83,27
4,4.449,83,28
4,4.466,83,29
4,4.482,83,30
4,4.501,84,30
4,4.517,84,31
4,4.534,84,32
4,4.549,85,32
4,4.566,85,33
4,4.583,85,34
4,4.599,86,35
4,4.616,86,36
4,4.632,87,36
4,4.649,87,38
4,4.682,87,40
4,4.699,88,40
4,4.716,88,42
4,4.766,89,44
4,4.782,89,45
4,4.799,89,46
4,4.833,89,47
4,4.849,90,48
4,4.882,91,49
4,4.899,91,50
4,4.916,91,51
4,4.932,91,52
4,4.949,92,52
4,4.966,93,54
4,4.982,93,55
4,4.999,94,55
4,5.016,95,56
4,5.032,95,58
4,5.049,96,60
4,5.066,97,61
4,5.082,97,62
4,5.099,98,64
4,5.116,99,66
4,5.132,100,68
4,5.150,100,69
4,5.166,101,71
4,5.182,101,73
4,5.199,102,76
4,5.216,103,77
4,5.232,103,80
4,5.249,105,84
4,5.267,106,86
4,5.282,107,88
4,5.300,109,90
4,5.330,111,94
4,5.349,113,98
4,5.366,115,101
4,5.384,117,104
4,5.399,119,106
4,5.415,119,107
4,5.432,120,110
4,5.449,121,112
4,5.466,123,115
4,5.482,123,117
4,5.499,125,120
4,5.515,127,122
4,5.532,128,124
4,5.549,130,126
4,5.566,132,128
4,5.582,134,130
4,5.599,135,132
4,5.616,136,134
4,5.632,137,136
4,5.649,139,139
4,5.665,140,142
4,5.683,141,143
4,5.699,142,145
4,5.716,144,147
4,5.732,146,149
4,5.749,147,150
4,5.766,149,152
4,5.782,151,155
4,5.799,151,157
4,5.816,153,160
4,5.833,155,162
4,5.849,157,165
4,5.866,158,168
4,5.882,159,169
4,5.899,160,172
4,5.915,161,176
4,5.932,163,178
4,5.948,164,182
4,5.966,167,186
4,5.982,169,190
4,5.999,171,195
4,6.015,172,198
4,6.032,174,202
4,6.049,176,206
4,6.065,177,208
4,6.082,178,213
4,6.099,180,218
4,6.116,181,221
4,6.141,183,225
4,6.163,186,230
4,6.182,188,234
4,6.199,190,238
4,6.215,191,240
4,6.232,193,242
4,6.249,194,246
4,6.265,194,247
4,6.283,195,251
4,6.299,197,255
4,6.315,197,258
4,6.333,199,262
4,6.349,200,264
4,6.366,201,268
4,6.382,202,272
4,6.399,203,275
4,6.415,203,276
4,6.432,204,278
5,0.001,-4,-280
5,0.085,-4,-278
5,0.118,-4,-277
5,0.135,-4,-276
5,0.151,-4,-274
5,0.168,-5,-272
5,0.201,-5,-270
5,0.218,-5,-268
5,0.250,-5,-266
5,0.267,-5,-265
5,0.284,-5,-264
5,0.300,-5,-263
5,0.317,-5,-261
5,0.333,-5,-260
5,0.350,-5,-258
5,0.367,-5,-256
5,0.402,-5,-254
5,0.418,-5,-252
5,0.435,-4,-250
5,0.454,-4,-249
5,0.472,-4,-248
5,0.485,-3,-247
5,0.502,-3,-245
5,0.517,-3,-244
5,0.535,-3,-243
5,0.551,-3,-242
5,0.568,-3,-241
5,0.584,-3,-240
5,0.602,-3,-239
5,0.618,-3,-238
5,0.635,-3,-237
5,0.651,-3,-236
5,0.685,-3,-234
5,0.718,-3,-233
5,0.735,-3,-232
5,0.751,-3,-231
5,0.767,-3,-230
5,0.785,-3,-229
5,0.801,-3,-228
5,0.835,-3,-226
5,0.871,-3,-224
5,0.901,-2,-223
5,0.917,-2,-222
5,0.951,-2,-221
5,0.968,-1,-220
5,1.001,-1,-219
5,1.017,-1,-218
5,1.035,-1,-216
5,1.067,-1,-215
5,1.085,-1,-214
5,1.102,0,-212
5,1.117,0,-211
5,1.134,0,-210
5,1.151,1,-209
5,1.168,1,-207
5,1.185,1,-205
5,1.200,2,-204
5,1.217,3,-203
5,1.234,3,-201
5,1.254,4,-200
5,1.282,5,-198
5,1.301,5,-196
5,1.318,5,-195
5,1.334,6,-193
5,1.350,7,-192
5,1.368,7,-190
5,1.385,8,-188
5,1.401,9,-185
5,1.417,10,-184
5,1.435,11,-182
5,1.451,13,-180
5,1.471,15,-178
5,1.492,16,-176
5,1.501,17,-175
5,1.518,19,-172
5,1.538,20,-170
5,1.565,22,-166
5,1.584,23,-164
5,1.601,25,-161
5,1.617,25,-160
5,1.634,27,-158
5,1.651,29,-155
5,1.667,31,-152
5,1.684,33,-150
5,1.701,35,-146
5,1.717,38,-144
5,1.734,40,-140
5,1.751,41,-139
5,1.767,43,-136
5,1.784,45,-132
5,1.802,47,-128
5,1.817,49,-126
5,1.836,52,-122
5,1.851,55,-118
5,1.867,58,-114
5,1.884,59,-112
5,1.901,62,-108
5,1.917,65,-104
5,1.934,69,-100
5,1.950,70,-98
5,1.967,74,-93
5,1.984,77,-88
5,2.000,79,-86
5,2.019,82,-82
5,2.034,85,-78
5,2.051,89,-74
5,2.067,93,-69
5,2.084,95,-67
5,2.100,98,-64
5,2.117,100,-60
5,2.134,103,-55
5,2.150,105,-53
5,2.167,108,-49
5,2.184,112,-45
5,2.201,115,-42
5,2.217,116,-40
5,2.234,118,-36
5,2.250,120,-32
5,2.267,122,-29
5,2.283,123,-27
5,2.301,126,-24
5,2.317,129,-20
5,2.334,131,-18
5,2.350,133,-16
5,2.368,135,-12
5,2.384,138,-10
5,2.400,140,-7
5,2.417,141,-6
5,2.433,145,-2
5,2.450,147,2
5,2.467,151,5
5,2.488,153,8
5,2.502,155,10
5,2.517,157,13
5,2.534,160,16
5,2.556,163,20
5,2.582,168,25
5,2.600,171,28
5,2.617,172,30
5,2.634,175,32
5,2.650,177,35
5,2.667,179,38
5,2.683,179,40
5,2.700,181,42
5,2.717,184,46
5,2.734,187,48
5,2.750,188,50
5,2.768,191,52
5,2.784,193,54
5,2.802,194,56
5,2.817,195,58
5,2.834,196,60
5,2.851,197,63
5,2.867,199,66
5,2.887,201,68
5,2.900,202,69
5,2.917,204,72
5,2.934,207,74
5,2.950,207,75
5,2.967,209,78
5,2.984,211,80
5,3.000,212,83
5,3.018,213,84
5,3.035,215,87
5,3.050,216,89
5,3.067,217,92
5,3.084,218,93
5,3.100,220,96
5,3.118,221,99
5,3.134,223,102
5,3.150,223,103
5,3.167,225,105
5,3.183,227,108
5,3.200,229,110
5,3.217,229,111
5,3.233,231,113
5,3.250,231,116
5,3.266,232,118
5,3.283,233,120
5,3.300,233,122
5,3.318,235,124
5,3.333,235,126
5,3.351,235,128
5,3.367,237,130
5,3.384,237,132
5,3.400,238,135
5,3.420,239,138
5,3.437,240,140
5,3.450,240,141
5,3.467,241,143
5,3.483,241,144
5,3.502,243,146
5,3.515,244,148
5,3.532,245,150
5,3.549,246,150
5,3.566,247,152
5,3.582,247,154
5,3.599,249,156
5,3.616,249,157
5,3.632,250,159
5,3.649,251,161
5,3.666,252,163
5,3.682,252,164
5,3.699,253,165
5,3.717,254,166
5,3.734,255,168
5,3.751,255,169
5,3.767,255,170
5,3.784,256,172
5,3.800,257,174
5,3.820,257,176
5,3.834,258,176
5,3.865,259,179
5,3.884,260,180
5,3.901,261,180
5,3.917,263,182
5,3.934,265,183
5,3.967,267,184
5,3.984,268,185
5,4.001,269,186
5,4.034,271,188
5,4.067,272,189
5,4.083,272,190
5,4.115,273,192
5,4.134,275,193
5,4.151,275,194
5,4.167,276,195
5,4.184,277,196
5,4.200,277,197
5,4.217,278,198
5,4.233,279,198
5,4.252,280,200
5,4.266,281,200
5,4.284,283,202
5,4.316,285,203
5,4.332,287,204
5,4.365,289,206
5,4.399,291,208
5,4.432,292,209
5,4.449,293,210
5,4.466,294,212
5,4.483,295,212
5,4.503,296,214
5,4.523,299,216
5,4.555,301,218
5,4.567,302,219
5,4.587,305,220
5,4.600,306,222
5,4.627,309,226
5,4.648,311,228
5,4.666,313,230
5,4.683,314,232
5,4.700,317,236
5,4.717,324,244
5,4.733,331,252
5,4.749,333,255
5,4.767,338,260
5,4.783,342,263
5,4.799,344,265
5,4.816,345,266
5,4.849,345,267
6,0.001,-7,-282
6,0.154,-7,-281
6,0.172,-7,-280
6,0.221,-7,-278
6,0.251,-7,-276
6,0.284,-7,-275
6,0.301,-7,-274
6,0.318,-7,-272
6,0.335,-7,-271
6,0.351,-7,-270
6,0.370,-7,-268
6,0.401,-6,-266
6,0.417,-6,-264
6,0.433,-6,-262
6,0.450,-6,-261
6,0.467,-6,-260
6,0.484,-6,-259
6,0.500,-5,-258
6,0.517,-5,-256
6,0.550,-5,-254
6,0.567,-5,-253
6,0.583,-5,-252
6,0.616,-5,-250
6,0.635,-4,-249
6,0.652,-4,-248
6,0.686,-4,-247
6,0.702,-4,-246
6,0.720,-4,-245
6,0.735,-4,-244
6,0.768,-4,-242
6,0.793,-3,-242
6,0.814,-4,-240
6,0.834,-4,-239
6,0.850,-3,-238
6,0.883,-3,-236
6,0.916,-4,-234
6,0.950,-3,-232
6,0.967,-3,-231
6,0.983,-3,-230
6,1.000,-3,-229
6,1.017,-3,-227
6,1.033,-3,-226
6,1.050,-3,-224
6,1.083,-3,-222
6,1.100,-2,-221
6,1.117,-2,-220
6,1.133,-2,-219
6,1.150,-2,-218
6,1.166,-2,-217
6,1.183,-1,-216
6,1.199,-1,-215
6,1.214,-1,-214
6,1.235,-1,-213
6,1.252,-1,-212
6,1.269,-1,-211
6,1.285,-1,-210
6,1.302,-1,-209
6,1.318,-1,-208
6,1.335,-1,-206
6,1.351,0,-206
6,1.374,0,-204
6,1.404,1,-202
6,1.436,1,-201
6,1.451,1,-200
6,1.469,1,-199
6,1.490,1,-198
6,1.521,2,-196
6,1.535,2,-195
6,1.556,2,-194
6,1.585,2,-192
6,1.600,2,-191
6,1.617,2,-190
6,1.634,2,-188
6,1.651,3,-186
6,1.667,3,-185
6,1.684,3,-184
6,1.701,3,-183
6,1.717,3,-182
6,1.735,3,-181
6,1.751,3,-180
6,1.768,4,-179
6,1.784,4,-178
6,1.808,4,-177
6,1.826,4,-176
6,1.850,4,-174
6,1.867,4,-172
6,1.902,4,-170
6,1.920,4,-169
6,1.934,5,-167
6,1.951,5,-166
6,1.967,5,-165
6,1.985,5,-164
6,2.001,5,-163
6,2.018,5,-162
6,2.052,5,-160
6,2.067,6,-159
6,2.085,6,-158
6,2.118,6,-156
6,2.135,6,-155
6,2.150,6,-154
6,2.169,7,-152
6,2.184,7,-150
6,2.201,7,-149
6,2.218,7,-147
6,2.236,7,-146
6,2.251,7,-145
6,2.268,7,-143
6,2.284,7,-142
6,2.301,7,-141
6,2.317,7,-140
6,2.334,7,-138
6,2.367,8,-136
6,2.384,8,-134
6,2.401,8,-131
6,2.421,8,-129
6,2.434,8,-128
6,2.451,8,-126
6,2.467,8,-124
6,2.485,9,-123
6,2.502,9,-122
6,2.521,9,-120
6,2.548,9,-116
6,2.567,10,-113
6,2.584,11,-110
6,2.600,11,-108
6,2.617,11,-107
6,2.634,11,-105
6,2.650,12,-103
6,2.668,13,-100
6,2.701,14,-97
6,2.717,14,-94
6,2.734,15,-92
6,2.750,15,-91
6,2.767,15,-88
6,2.784,16,-87
6,2.800,16,-86
6,2.819,17,-83
6,2.833,17,-82
6,2.852,18,-80
6,2.867,18,-79
6,2.884,18,-78
6,2.900,19,-76
6,2.917,19,-74
6,2.934,19,-72
6,2.951,19,-70
6,2.985,19,-68
6,3.001,19,-67
6,3.017,19,-66
6,3.034,19,-64
6,3.050,19,-63
6,3.067,18,-61
6,3.084,17,-59
6,3.100,17,-58
6,3.118,17,-55
6,3.135,16,-52
6,3.151,15,-50
6,3.173,14,-48
6,3.190,13,-46
6,3.199,13,-44
6,3.215,12,-43
6,3.232,11,-41
6,3.249,11,-38
6,3.266,10,-35
6,3.282,10,-34
6,3.299,9,-31
6,3.315,8,-28
6,3.332,7,-26
6,3.365,7,-23
6,3.382,6,-20
6,3.399,6,-18
6,3.415,5,-16
6,3.432,5,-13
6,3.449,4,-10
6,3.465,3,-7
6,3.482,3,-6
6,3.499,1,-2
6,3.516,0,0
6,3.532,-1,4
6,3.549,-3,6
6,3.565,-5,8
6,3.583,-7,12
6,3.599,-8,14
6,3.615,-9,16
6,3.632,-10,20
6,3.649,-11,23
6,3.665,-12,26
6,3.682,-13,28
6,3.699,-14,32
6,3.715,-16,36
6,3.732,-19,40
6,3.749,-19,42
6,3.765,-22,46
6,3.783,-25,50
6,3.800,-27,55
6,3.817,-28,60
6,3.834,-29,62
6,3.852,-31,67
6,3.869,-33,72
6,3.884,-35,77
6,3.901,-36,80
6,3.917,-39,85
6,3.936,-42,90
6,3.950,-44,95
6,3.968,-45,97
6,3.984,-47,102
6,4.002,-49,105
6,4.017,-51,108
6,4.035,-51,110
6,4.054,-53,116
6,4.067,-54,118
6,4.084,-56,122
6,4.100,-57,123
6,4.118,-59,126
6,4.134,-61,130
6,4.153,-62,133
6,4.167,-63,135
6,4.188,-65,140
6,4.200,-66,142
6,4.217,-67,145
6,4.233,-68,147
6,4.251,-69,150
6,4.268,-69,153
6,4.283,-71,156
6,4.301,-71,158
6,4.317,-72,161
6,4.335,-73,164
6,4.350,-75,167
6,4.368,-76,169
6,4.383,-77,172
6,4.401,-78,174
6,4.417,-79,177
6,4.439,-80,180
6,4.458,-82,182
6,4.467,-83,183
6,4.484,-83,186
6,4.500,-84,187
6,4.518,-85,188
6,4.534,-85,191
6,4.558,-86,193
6,4.582,-87,196
6,4.605,-87,198
6,4.622,-88,200
6,4.640,-89,202
6,4.667,-89,204
6,4.685,-90,206
6,4.702,-91,208
6,4.716,-91,209
6,4.735,-91,211
6,4.750,-91,213
6,4.767,-91,214
6,4.784,-92,216
6,4.801,-92,217
6,4.817,-93,219
6,4.838,-93,221
6,4.864,-95,224
6,4.899,-96,226
6,4.915,-97,228
6,4.932,-97,230
6,4.966,-98,232
6,4.982,-99,234
6,4.999,-99,236
6,5.032,-100,238
6,5.050,-101,240
6,5.067,-101,242
6,5.084,-102,243
6,5.099,-102,244
6,5.117,-102,245
6,5.137,-102,246
6,5.150,-102,248
7,0.001,-7,-282
7,0.201,-7,-281
7,0.218,-7,-280
7,0.301,-7,-279
7,0.335,-7,-278
7,0.368,-7,-277
7,0.384,-7,-276
7,0.401,-8,-276
7,0.418,-8,-275
7,0.451,-8,-274
7,0.468,-8,-273
7,0.484,-8,-272
7,0.501,-8,-271
7,0.518,-8,-270
7,0.552,-8,-268
7,0.582,-8,-266
7,0.616,-8,-264
7,0.649,-8,-263
7,0.666,-8,-262
7,0.683,-8,-260
7,0.699,-9,-260
7,0.715,-9,-259
7,0.732,-9,-258
7,0.766,-9,-257
7,0.782,-9,-256
7,0.815,-9,-255
7,0.833,-9,-254
7,0.866,-9,-253
7,0.882,-9,-252
7,0.916,-9,-251
7,0.932,-9,-250
7,0.965,-9,-249
7,0.983,-9,-248
7,0.999,-9,-247
7,1.015,-9,-246
7,1.049,-9,-244
7,1.082,-10,-242
7,1.116,-10,-241
7,1.135,-10,-240
7,1.152,-11,-239
7,1.168,-11,-238
7,1.203,-11,-237
7,1.218,-11,-236
7,1.247,-11,-234
7,1.267,-11,-233
7,1.283,-12,-232
7,1.300,-12,-231
7,1.316,-12,-230
7,1.333,-12,-228
7,1.350,-12,-227
7,1.367,-12,-225
7,1.384,-12,-224
7,1.402,-12,-222
7,1.418,-12,-221
7,1.434,-12,-220
7,1.452,-12,-218
7,1.468,-12,-217
7,1.486,-12,-216
7,1.501,-12,-214
7,1.519,-12,-213
7,1.534,-12,-210
7,1.552,-12,-208
7,1.567,-12,-206
7,1.585,-12,-205
7,1.601,-12,-203
7,1.619,-12,-201
7,1.649,-12,-198
7,1.668,-12,-197
7,1.684,-11,-195
7,1.702,-11,-194
7,1.716,-11,-192
7,1.733,-11,-190
7,1.749,-11,-189
7,1.766,-11,-187
7,1.783,-11,-186
7,1.800,-11,-185
7,1.816,-11,-184
7,1.833,-11,-182
7,1.866,-11,-180
7,1.883,-11,-179
7,1.899,-11,-178
7,1.933,-10,-176
7,1.949,-10,-175
7,1.965,-10,-174
7,1.982,-10,-173
7,1.999,-9,-171
7,2.015,-9,-170
7,2.032,-9,-168
7,2.066,-9,-166
7,2.083,-9,-164
7,2.100,-10,-163
7,2.116,-10,-162
7,2.133,-10,-161
7,2.149,-10,-160
7,2.166,-10,-158
7,2.183,-10,-157
7,2.200,-10,-156
7,2.216,-10,-155
7,2.233,-10,-152
7,2.250,-10,-150
7,2.268,-11,-148
7,2.283,-11,-146
7,2.299,-11,-144
7,2.316,-11,-142
7,2.333,-11,-141
7,2.349,-11,-138
7,2.367,-12,-135
7,2.385,-12,-131
7,2.400,-13,-128
7,2.418,-13,-126
7,2.434,-13,-122
7,2.452,-13,-118
7,2.473,-13,-112
7,2.483,-13,-109
7,2.501,-13,-104
7,2.518,-14,-98
7,2.539,-14,-92
7,2.550,-14,-90
7,2.567,-15,-86
7,2.584,-15,-80
7,2.602,-16,-75
7,2.617,-16,-72
7,2.634,-17,-68
7,2.650,-18,-64
7,2.670,-19,-59
7,2.693,-20,-55
7,2.715,-22,-49
7,2.735,-23,-46
7,2.753,-24,-42
7,2.767,-24,-40
7,2.785,-25,-36
7,2.800,-27,-32
7,2.818,-29,-28
7,2.833,-29,-26
7,2.852,-30,-24
7,2.867,-31,-20
7,2.887,-31,-16
7,2.915,-33,-10
7,2.934,-35,-6
7,2.959,-37,-2
7,2.979,-38,3
7,2.999,-41,10
7,3.017,-43,14
7,3.042,-45,18
7,3.060,-46,22
7,3.082,-48,26
7,3.100,-49,30
7,3.117,-50,34
7,3.134,-51,38
7,3.151,-51,41
7,3.167,-53,45
7,3.185,-54,49
7,3.200,-56,54
7,3.217,-57,58
7,3.234,-58,60
7,3.251,-60,64
7,3.267,-62,67
7,3.286,-63,70
7,3.300,-64,72
7,3.318,-65,75
7,3.333,-67,79
7,3.351,-67,81
7,3.367,-68,84
7,3.384,-69,88
7,3.401,-70,92
7,3.417,-71,96
7,3.434,-72,99
7,3.450,-73,103
7,3.468,-75,108
7,3.484,-78,112
7,3.501,-79,115
7,3.518,-81,120
7,3.538,-84,126
7,3.564,-87,136
7,3.582,-89,144
7,3.599,-90,150
7,3.615,-91,154
7,3.632,-92,158
7,3.650,-93,163
7,3.667,-95,167
7,3.687,-97,170
7,3.700,-97,172
7,3.716,-99,176
7,3.732,-100,179
7,3.749,-101,181
7,3.766,-101,184
7,3.782,-102,187
7,3.799,-102,190
7,3.815,-103,192
7,3.832,-103,194
7,3.849,-103,197
7,3.865,-103,200
7,3.882,-104,202
7,3.899,-104,203
7,3.916,-104,206
7,3.932,-104,208
7,3.948,-104,209
7,3.965,-104,212
7,3.982,-105,214
7,3.998,-105,217
7,4.015,-105,218
7,4.031,-105,221
7,4.048,-106,224
7,4.065,-106,226
7,4.081,-106,228
7,4.098,-106,230
7,4.115,-106,233
7,4.132,-106,236
7,4.149,-107,237
7,4.165,-107,239
7,4.182,-107,241
7,4.199,-107,243
7,4.216,-107,244
7,4.232,-107,246
7,4.249,-107,248
7,4.266,-107,250
7,4.283,-107,252
8,0.001,-5,-284
8,0.152,-6,-282
8,0.202,-6,-281
8,0.217,-7,-280
8,0.234,-7,-279
8,0.250,-7,-278
8,0.267,-7,-277
8,0.286,-7,-276
8,0.318,-8,-274
8,0.334,-8,-273
8,0.352,-8,-272
8,0.367,-8,-271
8,0.383,-8,-270
8,0.400,-8,-268
8,0.433,-8,-266
8,0.449,-8,-264
8,0.466,-8,-262
8,0.483,-9,-260
8,0.517,-9,-258
8,0.534,-9,-256
8,0.550,-9,-254
8,0.586,-9,-252
8,0.599,-9,-251
8,0.616,-9,-249
8,0.633,-9,-248
8,0.649,-9,-246
8,0.666,-9,-245
8,0.683,-9,-243
8,0.699,-9,-242
8,0.716,-9,-241
8,0.732,-9,-239
8,0.749,-9,-238
8,0.766,-9,-237
8,0.783,-9,-236
8,0.800,-9,-234
8,0.817,-9,-232
8,0.852,-9,-230
8,0.872,-9,-228
8,0.883,-9,-227
8,0.900,-9,-226
8,0.916,-9,-224
8,0.933,-9,-223
8,0.951,-9,-222
8,0.971,-9,-220
8,1.002,-9,-219
8,1.018,-9,-218
8,1.037,-9,-216
8,1.067,-9,-215
8,1.090,-9,-214
8,1.102,-9,-213
8,1.122,-9,-212
8,1.134,-9,-211
8,1.150,-9,-210
8,1.167,-9,-209
8,1.183,-9,-208
8,1.201,-9,-207
8,1.217,-9,-206
8,1.233,-9,-204
8,1.268,-10,-202
8,1.288,-10,-201
8,1.306,-10,-200
8,1.337,-10,-198
8,1.367,-10,-196
8,1.400,-10,-195
8,1.417,-10,-194
8,1.433,-10,-193
8,1.450,-9,-192
8,1.466,-9,-190
8,1.499,-9,-189
8,1.518,-9,-188
8,1.535,-9,-186
8,1.553,-9,-185
8,1.568,-9,-184
8,1.587,-9,-183
8,1.616,-10,-182
8,1.649,-10,-180
8,1.683,-10,-179
8,1.700,-10,-178
8,1.717,-10,-177
8,1.733,-10,-176
8,1.750,-10,-175
8,1.766,-10,-174
8,1.783,-10,-173
8,1.800,-9,-171
8,1.818,-9,-169
8,1.838,-9,-168
8,1.851,-9,-166
8,1.870,-10,-165
8,1.890,-10,-164
8,1.916,-10,-161
8,1.936,-10,-159
8,1.954,-10,-157
8,1.968,-9,-155
8,1.985,-9,-154
8,2.000,-9,-151
8,2.019,-9,-148
8,2.034,-9,-146
8,2.068,-9,-144
8,2.087,-9,-142
8,2.106,-10,-141
8,2.118,-9,-140
8,2.149,-9,-137
8,2.168,-9,-135
8,2.184,-9,-134
8,2.201,-9,-132
8,2.218,-9,-131
8,2.238,-9,-130
8,2.250,-9,-129
8,2.268,-9,-128
8,2.284,-9,-126
8,2.302,-9,-125
8,2.321,-9,-124
8,2.334,-9,-123
8,2.351,-9,-122
8,2.367,-9,-120
8,2.400,-9,-118
8,2.417,-8,-116
8,2.433,-8,-115
8,2.450,-8,-114
8,2.467,-8,-112
8,2.483,-8,-110
8,2.500,-8,-108
8,2.533,-8,-106
8,2.550,-8,-104
8,2.567,-8,-101
8,2.583,-8,-100
8,2.600,-8,-98
8,2.616,-8,-94
8,2.633,-8,-91
8,2.650,-9,-89
8,2.668,-9,-86
8,2.683,-9,-84
8,2.700,-9,-80
8,2.716,-9,-78
8,2.733,-9,-75
8,2.750,-9,-71
8,2.766,-9,-68
8,2.783,-9,-66
8,2.799,-9,-63
8,2.816,-9,-60
8,2.833,-9,-56
8,2.849,-9,-54
8,2.866,-9,-52
8,2.884,-9,-48
8,2.900,-9,-46
8,2.916,-9,-44
8,2.933,-9,-41
8,2.963,-9,-36
8,2.982,-9,-32
8,2.998,-9,-30
8,3.015,-9,-27
8,3.032,-9,-26
8,3.048,-9,-23
8,3.065,-9,-20
8,3.082,-9,-17
8,3.098,-9,-15
8,3.115,-9,-12
8,3.132,-9,-10
8,3.149,-9,-7
8,3.166,-9,-6
8,3.182,-9,-3
8,3.199,-9,0
8,3.216,-9,4
8,3.233,-10,7
8,3.249,-10,8
8,3.266,-11,11
8,3.283,-11,14
8,3.299,-11,18
8,3.316,-11,20
8,3.333,-11,24
8,3.349,-12,28
8,3.366,-12,31
8,3.383,-12,32
8,3.400,-13,36
8,3.417,-13,40
8,3.434,-13,44
8,3.450,-13,46
8,3.466,-13,49
8,3.483,-14,52
8,3.499,-14,54
8,3.516,-15,58
8,3.533,-15,61
8,3.550,-15,64
8,3.566,-16,68
8,3.583,-17,69
8,3.599,-17,73
8,3.616,-18,76
8,3.633,-19,78
8,3.650,-19,81
8,3.666,-20,84
8,3.683,-21,88
8,3.699,-22,90
8,3.716,-22,92
8,3.733,-23,95
8,3.749,-23,98
8,3.766,-24,100
8,3.783,-25,103
8,3.799,-25,106
8,3.816,-26,109
8,3.832,-27,112
8,3.849,-27,113
8,3.866,-27,116
8,3.882,-28,119
8,3.899,-29,122
8,3.916,-29,124
8,3.933,-30,126
8,3.949,-30,129
8,3.966,-31,130
8,3.982,-31,134
8,3.999,-31,136
8,4.016,-31,140
8,4.032,-32,141
8,4.049,-33,144
8,4.068,-33,146
8,4.087,-34,150
8,4.100,-35,153
8,4.118,-35,154
8,4.134,-36,158
8,4.153,-37,160
8,4.166,-38,163
8,4.187,-39,166
8,4.200,-39,167
8,4.218,-41,170
8,4.234,-41,172
8,4.253,-42,174
8,4.280,-44,178
8,4.299,-45,181
8,4.315,-46,182
8,4.332,-47,184
8,4.349,-47,186
8,4.365,-48,187
8,4.382,-49,189
8,4.399,-49,192
8,4.415,-49,194
8,4.432,-50,196
8,4.449,-50,198
8,4.465,-51,200
8,4.482,-51,202
8,4.499,-51,203
8,4.515,-52,204
8,4.532,-53,207
8,4.549,-53,209
8,4.565,-53,210
8,4.581,-54,213
8,4.598,-54,216
8,4.615,-55,218
8,4.634,-55,220
8,4.653,-57,223
8,4.693,-58,228
8,4.715,-58,232
8,4.732,-59,235
8,4.749,-59,238
8,4.765,-60,239
8,4.782,-61,242
8,4.799,-61,245
8,4.815,-62,248
8,4.832,-62,249
8,4.848,-63,251
8,4.865,-63,254
8,4.882,-63,256
8,4.915,-63,258
8,4.932,-63,260
9,0.000,-4,-278
9,0.234,-5,-276
9,0.268,-5,-275
9,0.285,-5,-274
9,0.301,-5,-273
9,0.335,-6,-272
9,0.351,-6,-271
9,0.367,-6,-270
9,0.400,-6,-268
9,0.433,-6,-266
9,0.466,-6,-265
9,0.483,-6,-264
9,0.500,-6,-262
9,0.517,-7,-261
9,0.534,-7,-260
9,0.550,-7,-259
9,0.567,-7,-258
9,0.583,-7,-257
9,0.601,-7,-256
9,0.617,-7,-255
9,0.633,-7,-254
9,0.650,-7,-253
9,0.667,-7,-252
9,0.684,-7,-250
9,0.700,-7,-248
9,0.717,-6,-247
9,0.733,-6,-246
9,0.750,-6,-244
9,0.767,-6,-243
9,0.784,-6,-242
9,0.800,-6,-241
9,0.817,-6,-240
9,0.835,-6,-239
9,0.854,-6,-238
9,0.883,-6,-236
9,0.902,-6,-234
9,0.918,-6,-232
9,0.952,-5,-230
9,0.971,-5,-229
9,0.985,-5,-228
9,1.003,-5,-226
9,1.034,-5,-225
9,1.050,-5,-224
9,1.069,-5,-223
9,1.086,-5,-222
9,1.101,-4,-221
9,1.118,-4,-220
9,1.135,-4,-219
9,1.157,-3,-216
9,1.185,-3,-214
9,1.218,-3,-212
9,1.235,-3,-210
9,1.253,-3,-209
9,1.282,-2,-206
9,1.300,-2,-205
9,1.317,-1,-203
9,1.333,-1,-202
9,1.350,-1,-201
9,1.367,-1,-200
9,1.383,-1,-199
9,1.400,-1,-198
9,1.416,-1,-196
9,1.433,-1,-195
9,1.450,-1,-194
9,1.467,-1,-193
9,1.483,-1,-191
9,1.500,-1,-189
9,1.516,-1,-188
9,1.533,-1,-186
9,1.550,-1,-184
9,1.567,-2,-182
9,1.583,-2,-181
9,1.600,-3,-179
9,1.616,-4,-176
9,1.632,-5,-174
9,1.649,-6,-172
9,1.666,-6,-170
9,1.682,-7,-168
9,1.699,-9,-164
9,1.716,-10,-162
9,1.732,-11,-160
9,1.749,-11,-158
9,1.766,-13,-154
9,1.784,-15,-150
9,1.806,-18,-145
9,1.818,-19,-142
9,1.835,-23,-138
9,1.851,-27,-134
9,1.868,-29,-129
9,1.884,-31,-126
9,1.902,-33,-122
9,1.919,-37,-118
9,1.934,-41,-114
9,1.952,-43,-112
9,1.968,-46,-108
9,1.987,-49,-104
9,2.001,-52,-100
9,2.020,-56,-97
9,2.034,-57,-95
9,2.053,-61,-92
9,2.069,-64,-88
9,2.089,-67,-86
9,2.108,-69,-82
9,2.119,-71,-80
9,2.136,-75,-78
9,2.152,-77,-74
9,2.170,-81,-72
9,2.184,-82,-70
9,2.204,-85,-68
9,2.218,-87,-65
9,2.236,-89,-62
9,2.251,-91,-61
9,2.268,-93,-58
9,2.284,-97,-55
9,2.302,-98,-54
9,2.321,-101,-50
9,2.335,-104,-47
9,2.353,-107,-43
9,2.367,-109,-41
9,2.384,-112,-36
9,2.400,-116,-32
9,2.417,-120,-28
9,2.434,-121,-26
9,2.450,-124,-22
9,2.466,-126,-18
9,2.485,-129,-14
9,2.501,-130,-12
9,2.519,-133,-8
9,2.536,-137,-4
9,2.551,-140,0
9,2.568,-141,1
9,2.584,-143,5
9,2.603,-145,9
9,2.619,-149,14
9,2.642,-152,18
9,2.666,-158,25
9,2.685,-161,30
9,2.702,-163,32
9,2.717,-167,37
9,2.735,-171,42
9,2.751,-175,48
9,2.768,-177,50
9,2.785,-181,56
9,2.801,-183,60
9,2.818,-187,65
9,2.834,-189,68
9,2.853,-193,73
9,2.867,-197,77
9,2.887,-199,81
9,2.900,-201,83
9,2.921,-203,87
9,2.934,-205,91
9,2.952,-208,94
9,2.973,-211,97
9,2.984,-212,98
9,3.005,-215,102
9,3.017,-217,104
9,3.036,-219,108
9,3.051,-221,109
9,3.068,-222,112
9,3.084,-224,115
9,3.101,-225,116
9,3.117,-227,119
9,3.135,-230,122
9,3.151,-233,124
9,3.182,-237,128
9,3.203,-238,130
9,3.222,-239,132
9,3.234,-240,134
9,3.252,-241,136
9,3.267,-243,138
9,3.285,-244,140
9,3.300,-245,140
9,3.318,-247,142
9,3.334,-249,144
9,3.356,-251,146
9,3.380,-253,148
9,3.401,-255,151
9,3.416,-256,152
9,3.433,-257,153
9,3.449,-259,155
9,3.466,-260,156
9,3.482,-260,157
9,3.499,-261,158
9,3.516,-263,160
9,3.533,-264,162
9,3.549,-265,162
9,3.566,-266,164
9,3.584,-267,166
9,3.603,-269,168
9,3.622,-271,169
9,3.634,-271,170
9,3.654,-272,171
9,3.667,-273,172
9,3.687,-274,174
9,3.700,-275,174
9,3.721,-276,176
9,3.749,-277,178
9,3.767,-278,179
9,3.785,-279,181
9,3.801,-279,182
9,3.820,-280,184
9,3.838,-281,186
9,3.851,-281,188
9,3.869,-282,190
9,3.883,-283,191
9,3.902,-283,193
9,3.915,-284,194
9,3.932,-285,196
9,3.965,-286,198
9,3.983,-287,201
9,3.999,-287,203
9,4.017,-288,206
9,4.040,-289,208
9,4.058,-289,210
9,4.082,-289,212
9,4.099,-289,214
9,4.116,-290,216
9,4.132,-290,218
9,4.149,-291,220
9,4.166,-291,222
9,4.192,-291,226
9,4.214,-291,228
9,4.232,-291,230
9,4.249,-291,232
9,4.265,-291,234
9,4.282,-291,236
9,4.299,-291,238
9,4.316,-291,241
9,4.332,-291,244
9,4.349,-291,245
9,4.367,-291,248
9,4.384,-291,250
9,4.399,-291,253
9,4.415,-290,254
9,4.432,-290,256
10,0.000,-2,-285
10,0.134,-2,-284
10,0.167,-2,-283
10,0.201,-2,-282
10,0.233,-2,-281
10,0.250,-2,-280
10,0.266,-3,-279
10,0.283,-3,-278
10,0.299,-3,-276
10,0.317,-3,-274
10,0.334,-3,-272
10,0.351,-3,-270
10,0.368,-3,-269
10,0.399,-3,-264
10,0.432,-3,-261
10,0.449,-4,-259
10,0.466,-4,-258
10,0.482,-4,-256
10,0.500,-4,-255
10,0.517,-4,-253
10,0.535,-4,-252
10,0.550,-4,-250
10,0.584,-4,-248
10,0.600,-4,-247
10,0.617,-4,-246
10,0.633,-4,-245
10,0.650,-4,-244
10,0.667,-4,-242
10,0.684,-5,-242
10,0.700,-5,-241
10,0.718,-5,-240
10,0.733,-5,-239
10,0.750,-5,-238
10,0.767,-5,-237
10,0.784,-6,-236
10,0.800,-6,-235
10,0.817,-6,-234
10,0.833,-6,-233
10,0.850,-6,-232
10,0.867,-6,-231
10,0.883,-6,-230
10,0.900,-6,-229
10,0.917,-6,-228
10,0.933,-6,-226
10,0.967,-6,-225
10,0.983,-6,-224
10,1.000,-6,-222
10,1.017,-6,-221
10,1.033,-6,-220
10,1.050,-6,-219
10,1.067,-6,-217
10,1.083,-6,-216
10,1.100,-6,-214
10,1.117,-5,-213
10,1.133,-5,-211
10,1.152,-5,-209
10,1.166,-5,-208
10,1.184,-5,-206
10,1.200,-5,-205
10,1.217,-5,-204
10,1.233,-5,-202
10,1.250,-6,-200
10,1.267,-6,-199
10,1.283,-6,-198
10,1.300,-6,-196
10,1.317,-6,-194
10,1.333,-6,-192
10,1.350,-6,-191
10,1.367,-6,-190
10,1.383,-6,-188
10,1.405,-6,-186
10,1.431,-6,-183
10,1.450,-7,-181
10,1.467,-7,-180
10,1.483,-7,-178
10,1.500,-7,-176
10,1.517,-6,-174
10,1.533,-6,-172
10,1.550,-6,-170
10,1.566,-6,-169
10,1.583,-6,-167
10,1.600,-6,-166
10,1.617,-6,-164
10,1.633,-6,-163
10,1.650,-7,-162
10,1.666,-7,-160
10,1.683,-7,-158
10,1.716,-7,-156
10,1.734,-7,-154
10,1.749,-6,-152
10,1.783,-6,-150
10,1.800,-6,-148
10,1.816,-6,-146
10,1.833,-7,-145
10,1.850,-7,-144
10,1.867,-7,-142
10,1.883,-7,-140
10,1.900,-7,-139
10,1.916,-7,-138
10,1.933,-7,-136
10,1.950,-7,-134
10,1.966,-7,-131
10,1.983,-7,-130
10,2.000,-7,-128
10,2.016,-7,-126
10,2.033,-8,-124
10,2.067,-8,-122
10,2.083,-8,-120
10,2.099,-8,-118
10,2.116,-8,-116
10,2.133,-8,-113
10,2.150,-8,-110
10,2.166,-8,-108
10,2.183,-9,-106
10,2.200,-9,-104
10,2.216,-9,-102
10,2.233,-9,-99
10,2.250,-9,-96
10,2.267,-9,-94
10,2.283,-9,-90
10,2.300,-10,-86
10,2.316,-11,-84
10,2.333,-11,-82
10,2.350,-11,-79
10,2.366,-11,-75
10,2.383,-11,-73
10,2.400,-11,-70
10,2.417,-11,-67
10,2.433,-11,-64
10,2.450,-11,-62
10,2.467,-11,-61
10,2.483,-11,-58
10,2.500,-11,-56
10,2.516,-11,-53
10,2.533,-11,-52
10,2.549,-11,-50
10,2.566,-11,-48
10,2.583,-11,-47
10,2.599,-11,-46
10,2.617,-11,-44
10,2.634,-11,-42
10,2.649,-11,-39
10,2.666,-11,-38
10,2.683,-12,-35
10,2.699,-12,-32
10,2.716,-12,-30
10,2.734,-12,-28
10,2.751,-12,-26
10,2.766,-12,-24
10,2.783,-13,-21
10,2.799,-13,-19
10,2.816,-13,-16
10,2.833,-13,-13
10,2.849,-13,-10
10,2.866,-13,-8
10,2.882,-14,-4
10,2.899,-15,0
10,2.916,-15,4
10,2.932,-15,6
10,2.950,-16,10
10,2.966,-17,14
10,2.982,-19,18
10,2.999,-19,20
10,3.016,-19,25
10,3.033,-21,28
10,3.049,-21,32
10,3.067,-22,34
10,3.083,-23,38
10,3.100,-24,42
10,3.116,-25,46
10,3.133,-26,48
10,3.149,-27,51
10,3.166,-27,54
10,3.183,-28,57
10,3.199,-28,59
10,3.216,-29,62
10,3.233,-30,65
10,3.249,-30,68
10,3.266,-31,69
10,3.283,-31,72
10,3.300,-31,74
10,3.316,-31,77
10,3.332,-32,78
10,3.349,-32,81
10,3.366,-32,84
10,3.383,-33,86
10,3.399,-33,87
10,3.417,-33,90
10,3.434,-33,92
10,3.449,-34,95
10,3.466,-34,96
10,3.483,-34,99
10,3.500,-34,102
10,3.516,-35,104
10,3.532,-35,105
10,3.549,-35,107
10,3.566,-36,110
10,3.583,-37,113
10,3.599,-37,114
10,3.616,-38,118
10,3.632,-39,120
10,3.649,-39,123
10,3.666,-40,124
10,3.682,-41,127
10,3.699,-41,130
10,3.716,-42,133
10,3.733,-43,134
10,3.749,-43,138
10,3.767,-44,140
10,3.782,-45,143
10,3.799,-45,144
10,3.816,-46,147
10,3.832,-47,149
10,3.849,-47,152
10,3.866,-47,154
10,3.883,-48,156
10,3.899,-49,159
10,3.916,-49,162
10,3.933,-49,163
10,3.949,-50,165
10,3.966,-50,168
10,3.982,-51,170
10,3.999,-51,171
10,4.016,-51,174
10,4.032,-51,177
10,4.049,-51,179
10,4.066,-51,180
10,4.082,-52,182
10,4.099,-53,184
10,4.116,-53,187
10,4.133,-53,188
10,4.149,-54,191
10,4.166,-55,193
10,4.183,-55,196
10,4.199,-55,197
10,4.216,-55,200
10,4.232,-56,202
10,4.249,-57,204
10,4.266,-57,205
10,4.282,-57,207
10,4.299,-58,210
10,4.315,-58,212
10,4.332,-59,214
10,4.349,-59,216
10,4.366,-59,218
10,4.382,-60,220
10,4.399,-60,222
10,4.419,-61,225
10,4.447,-61,228
10,4.466,-61,230
10,4.482,-61,233
10,4.500,-62,236
10,4.516,-62,238
10,4.532,-62,239
10,4.549,-62,241
10,4.566,-62,243
10,4.582,-62,246
10,4.599,-62,247
10,4.616,-62,250
10,4.633,-61,252
10,4.650,-61,254
10,4.665,-61,255
10,4.682,-61,256
11,0.001,-5,-282
11,0.168,-5,-281
11,0.202,-6,-280
11,0.218,-6,-279
11,0.235,-6,-278
11,0.252,-7,-277
11,0.268,-7,-276
11,0.286,-7,-275
11,0.304,-7,-273
11,0.318,-7,-272
11,0.334,-7,-271
11,0.351,-7,-270
11,0.367,-7,-268
11,0.400,-7,-265
11,0.417,-8,-263
11,0.433,-8,-262
11,0.450,-8,-261
11,0.467,-8,-259
11,0.484,-8,-258
11,0.500,-8,-257
11,0.517,-8,-256
11,0.536,-8,-254
11,0.553,-8,-253
11,0.583,-8,-250
11,0.603,-8,-249
11,0.623,-7,-248
11,0.648,-7,-246
11,0.667,-7,-244
11,0.683,-7,-243
11,0.700,-7,-242
11,0.734,-7,-240
11,0.750,-7,-239
11,0.767,-7,-238
11,0.802,-7,-236
11,0.836,-7,-235
11,0.852,-7,-234
11,0.872,-7,-232
11,0.885,-6,-231
11,0.903,-6,-230
11,0.919,-6,-229
11,0.937,-6,-228
11,0.952,-5,-226
11,0.971,-5,-225
11,0.991,-5,-224
11,1.002,-5,-223
11,1.022,-5,-222
11,1.058,-4,-220
11,1.069,-4,-219
11,1.087,-4,-218
11,1.102,-4,-217
11,1.120,-4,-216
11,1.135,-3,-215
11,1.153,-3,-214
11,1.169,-3,-213
11,1.189,-3,-212
11,1.214,-3,-211
11,1.234,-2,-210
11,1.250,-2,-209
11,1.267,-2,-208
11,1.284,-1,-206
11,1.317,-1,-205
11,1.334,-1,-204
11,1.351,-1,-203
11,1.368,-1,-202
11,1.402,-1,-201
11,1.418,0,-200
11,1.453,0,-199
11,1.468,1,-198
11,1.502,1,-197
11,1.526,1,-196
11,1.550,1,-194
11,1.599,1,-192
11,1.616,2,-192
11,1.633,2,-191
11,1.651,2,-190
11,1.667,2,-189
11,1.684,2,-188
11,1.702,3,-187
11,1.738,3,-186
11,1.753,3,-185
11,1.775,3,-184
11,1.793,3,-183
11,1.817,3,-182
11,1.833,4,-182
11,1.850,4,-181
11,1.867,4,-180
11,1.900,4,-179
11,1.934,5,-178
11,1.967,5,-177
11,1.986,5,-176
11,2.020,5,-175
11,2.035,5,-174
11,2.082,5,-172
11,2.117,5,-171
11,2.133,5,-170
11,2.150,5,-169
11,2.167,5,-168
11,2.183,5,-167
11,2.200,5,-166
11,2.217,6,-165
11,2.233,6,-164
11,2.267,6,-163
11,2.283,6,-162
11,2.323,6,-161
11,2.335,6,-160
11,2.354,7,-160
11,2.368,7,-158
11,2.420,7,-157
11,2.433,7,-156
11,2.450,7,-155
11,2.483,7,-154
11,2.500,7,-153
11,2.517,7,-152
11,2.550,7,-151
11,2.567,7,-150
11,2.584,8,-149
11,2.617,8,-148
11,2.633,8,-147
11,2.650,8,-146
11,2.667,8,-145
11,2.700,8,-144
11,2.717,8,-143
11,2.733,8,-142
11,2.784,8,-141
11,2.800,8,-140
11,2.816,9,-140
11,2.833,9,-139
11,2.866,9,-138
11,2.900,9,-137
11,2.916,9,-136
11,2.933,9,-135
11,2.950,10,-135
11,2.966,10,-134
11,2.983,10,-132
11,3.000,11,-132
11,3.017,10,-131
11,3.033,11,-130
11,3.050,11,-129
11,3.067,11,-128
11,3.084,11,-127
11,3.100,11,-126
11,3.133,11,-125
11,3.150,11,-124
11,3.205,11,-122
11,3.250,11,-120
11,3.275,11,-119
11,3.295,11,-118
11,3.335,12,-116
11,3.383,12,-114
11,3.402,12,-113
11,3.419,12,-112
11,3.439,12,-111
11,3.452,12,-110
11,3.472,12,-109
11,3.483,12,-108
11,3.516,12,-107
11,3.533,12,-106
11,3.566,12,-105
11,3.583,12,-104
11,3.617,12,-103
11,3.633,12,-102
11,3.666,13,-102
11,3.683,13,-101
11,3.700,13,-100
11,3.733,13,-99
11,3.750,13,-98
11,3.766,14,-98
11,3.783,14,-97
11,3.800,14,-96
11,3.833,15,-95
11,3.850,15,-94
11,3.883,15,-92
11,3.916,15,-91
11,3.951,15,-90
11,3.970,15,-89
11,3.984,15,-88
11,4.002,16,-88
11,4.022,16,-87
11,4.034,16,-86
11,4.052,17,-86
11,4.085,17,-85
11,4.101,17,-84
11,4.134,18,-83
11,4.151,18,-82
11,4.167,19,-82
11,4.185,19,-81
11,4.201,19,-80
11,4.255,19,-79
11,4.282,20,-78
11,4.300,20,-76
11,4.318,21,-76
11,4.338,21,-75
11,4.351,21,-74
11,4.384,21,-72
11,4.417,22,-71
11,4.435,22,-70
11,4.467,23,-69
11,4.484,23,-68
11,4.519,23,-66
11,4.567,24,-65
11,4.587,24,-64
11,4.622,25,-63
11,4.643,25,-62
11,4.683,25,-61
11,4.718,25,-60
11,4.750,25,-59
11,4.784,25,-58
11,4.806,25,-57
11,4.824,25,-56
11,4.833,25,-55
11,4.849,25,-54
11,4.866,25,-52
11,4.884,25,-51
11,4.900,25,-50
11,4.934,25,-49
11,4.951,25,-48
11,4.967,25,-47
11,5.001,25,-46
11,5.021,25,-45
11,5.032,25,-44
11,5.066,25,-42
11,5.099,25,-41
11,5.116,25,-40
11,5.134,26,-38
11,5.151,26,-37
11,5.171,26,-36
11,5.184,26,-35
11,5.201,27,-34
11,5.217,27,-32
11,5.237,27,-30
11,5.269,27,-29
11,5.284,27,-28
11,5.303,28,-26
11,5.320,29,-26
11,5.333,29,-25
11,5.354,30,-23
11,5.368,31,-22
11,5.389,32,-20
11,5.407,33,-19
11,5.424,34,-17
11,5.447,35,-15
11,5.466,37,-14
11,5.483,38,-12
11,5.499,39,-11
11,5.516,39,-10
11,5.533,41,-8
11,5.550,41,-7
11,5.566,42,-7
11,5.583,43,-6
11,5.600,44,-4
11,5.616,45,-3
11,5.634,47,-1
11,5.650,47,0
11,5.667,48,2
11,5.683,50,4
11,5.700,51,6
11,5.718,53,8
11,5.732,55,10
11,5.749,57,12
11,5.765,58,12
11,5.782,60,14
11,5.799,61,16
11,5.816,63,19
11,5.832,64,20
11,5.849,65,24
11,5.866,68,27
11,5.882,71,30
11,5.899,73,31
11,5.915,77,34
11,5.933,79,37
11,5.949,81,40
11,5.965,82,42
11,5.983,85,46
11,5.999,88,49
11,6.016,92,52
11,6.032,93,53
11,6.050,96,56
11,6.080,100,62
11,6.098,101,64
11,6.115,103,66
11,6.131,106,69
11,6.148,109,71
11,6.165,110,72
11,6.181,113,74
11,6.198,115,77
11,6.219,116,79
11,6.266,119,84
11,6.286,120,86
11,6.298,121,87
11,6.315,122,89
11,6.331,123,90
11,6.349,125,92
11,6.365,126,93
11,6.382,127,95
11,6.399,129,96
11,6.415,129,98
11,6.432,130,99
11,6.449,131,101
11,6.465,133,102
11,6.482,134,104
11,6.499,135,106
11,6.515,136,106
11,6.532,137,108
11,6.549,138,109
11,6.565,138,110
11,6.582,139,110
11,6.599,139,112
11,6.615,140,113
11,6.632,140,114
11,6.649,141,116
11,6.666,141,117
11,6.682,143,118
11,6.699,143,120
11,6.732,144,122
11,6.749,145,123
11,6.765,145,124
11,6.782,146,124
11,6.799,147,126
11,6.816,148,126
11,6.832,149,127
11,6.848,150,128
11,6.865,151,128
11,6.882,152,130
11,6.916,153,131
11,6.933,154,132
11,6.949,155,132
11,6.965,155,133
11,6.982,155,134
11,7.000,156,135
11,7.016,156,136
11,7.032,157,136
11,7.049,157,138
11,7.066,157,139
11,7.082,158,140
11,7.116,159,142
11,7.133,159,143
11,7.149,159,144
11,7.166,160,144
11,7.182,161,145
11,7.199,161,146
11,7.216,162,147
11,7.233,163,148
11,7.266,164,150
11,7.283,165,150
11,7.300,165,152
11,7.316,166,152
11,7.333,167,154
11,7.365,168,155
11,7.382,169,156
11,7.399,169,158
11,7.416,170,159
11,7.432,171,160
11,7.449,171,161
11,7.466,173,162
11,7.482,173,163
11,7.499,174,164
11,7.517,175,164
11,7.533,175,166
11,7.550,176,166
11,7.567,176,167
11,7.587,177,168
11,7.613,177,170
11,7.631,178,170
11,7.650,178,171
11,7.669,179,172
11,7.690,179,174
11,7.708,179,175
11,7.731,180,177
11,7.752,181,178
11,7.772,181,180
11,7.792,182,180
11,7.810,183,182
11,7.829,183,183
11,7.856,185,184
11,7.877,185,186
11,7.900,187,187
11,7.918,187,188
11,7.943,188,189
11,7.967,189,190
11,7.982,189,191
11,7.998,190,192
11,8.016,191,193
11,8.032,191,194
11,8.049,191,195
11,8.065,191,196
11,8.082,192,197
11,8.099,193,198
11,8.115,193,199
11,8.132,193,200
11,8.149,194,202
11,8.165,195,202
11,8.181,195,204
11,8.215,196,206
11,8.249,197,208
11,8.265,197,209
11,8.282,198,211
11,8.298,198,212
11,8.315,199,214
11,8.332,199,215
11,8.348,199,217
11,8.365,200,218
11,8.382,201,219
11,8.399,201,220
11,8.415,202,222
11,8.439,203,224
11,8.463,205,226
11,8.482,206,228
11,8.499,207,228
11,8.515,208,230
11,8.532,209,232
11,8.549,210,234
11,8.565,211,235
11,8.581,212,238
11,8.598,213,239
11,8.615,215,241
11,8.632,215,242
11,8.648,217,243
11,8.665,218,244
12,0.001,1,-280
12,0.152,1,-278
12,0.202,1,-277
12,0.219,1,-276
12,0.235,1,-275
12,0.252,0,-274
12,0.269,0,-273
12,0.286,0,-272
12,0.302,0,-270
12,0.319,-1,-269
12,0.335,-1,-268
12,0.367,-1,-266
12,0.384,-1,-265
12,0.401,-1,-264
12,0.418,0,-262
12,0.434,0,-261
12,0.451,0,-260
12,0.469,0,-259
12,0.485,0,-258
12,0.503,0,-257
12,0.517,0,-256
12,0.550,0,-254
12,0.583,0,-253
12,0.600,0,-252
12,0.634,0,-250
12,0.666,0,-249
12,0.683,0,-248
12,0.700,0,-246
12,0.718,0,-245
12,0.734,1,-244
12,0.751,1,-243
12,0.767,1,-242
12,0.801,1,-240
12,0.818,1,-239
12,0.834,1,-238
12,0.851,1,-237
12,0.869,1,-236
12,0.885,1,-235
12,0.905,1,-234
12,0.919,1,-233
12,0.936,1,-232
12,0.952,1,-231
12,0.971,1,-230
12,0.989,1,-228
12,1.002,1,-227
12,1.020,1,-225
12,1.035,1,-224
12,1.054,1,-222
12,1.068,1,-221
12,1.086,1,-219
12,1.102,0,-218
12,1.119,-1,-216
12,1.135,-1,-214
12,1.153,-2,-212
12,1.168,-3,-210
12,1.190,-4,-208
12,1.209,-5,-205
12,1.219,-5,-204
12,1.237,-7,-202
12,1.252,-8,-199
12,1.271,-9,-197
12,1.285,-10,-196
12,1.306,-11,-194
12,1.318,-11,-192
12,1.336,-11,-190
12,1.352,-12,-187
12,1.370,-13,-184
12,1.385,-13,-182
12,1.403,-13,-181
12,1.421,-15,-178
12,1.435,-16,-176
12,1.453,-17,-174
12,1.468,-19,-172
12,1.490,-20,-169
12,1.502,-21,-168
12,1.528,-23,-164
12,1.546,-25,-162
12,1.566,-27,-160
12,1.583,-29,-158
12,1.600,-29,-157
12,1.616,-30,-156
12,1.633,-31,-153
12,1.649,-32,-151
12,1.667,-33,-150
12,1.684,-34,-147
12,1.701,-36,-145
12,1.717,-39,-143
12,1.734,-40,-142
12,1.750,-43,-139
12,1.767,-45,-137
12,1.784,-46,-136
12,1.800,-47,-134
12,1.818,-48,-132
12,1.837,-50,-130
12,1.856,-51,-128
12,1.868,-54,-125
12,1.887,-55,-124
12,1.902,-59,-121
12,1.920,-62,-118
12,1.935,-65,-115
12,1.954,-67,-112
12,1.969,-69,-110
12,1.987,-72,-106
12,2.001,-77,-101
12,2.021,-81,-97
12,2.038,-83,-95
12,2.051,-85,-92
12,2.068,-89,-87
12,2.086,-91,-85
12,2.103,-95,-80
12,2.118,-99,-76
12,2.135,-103,-72
12,2.150,-104,-70
12,2.168,-107,-67
12,2.184,-110,-63
12,2.200,-114,-59
12,2.217,-116,-57
12,2.234,-119,-54
12,2.250,-123,-50
12,2.267,-125,-47
12,2.284,-126,-45
12,2.300,-129,-42
12,2.317,-131,-38
12,2.334,-134,-35
12,2.350,-136,-34
12,2.367,-139,-30
12,2.384,-141,-28
12,2.400,-143,-25
12,2.417,-144,-24
12,2.433,-146,-20
12,2.450,-148,-18
12,2.467,-150,-15
12,2.484,-151,-14
12,2.500,-155,-10
12,2.517,-157,-7
12,2.534,-160,-4
12,2.550,-161,-3
12,2.567,-163,0
12,2.584,-165,2
12,2.601,-166,5
12,2.618,-168,8
12,2.639,-171,11
12,2.650,-172,12
12,2.667,-175,15
12,2.683,-178,18
12,2.700,-179,19
12,2.717,-180,22
12,2.733,-182,24
12,2.750,-183,26
12,2.767,-184,28
12,2.783,-187,30
12,2.800,-189,34
12,2.817,-191,35
12,2.833,-193,38
12,2.850,-196,41
12,2.867,-199,44
12,2.883,-200,45
12,2.900,-202,48
12,2.917,-205,51
12,2.933,-207,54
12,2.950,-209,56
12,2.967,-212,60
12,2.984,-216,64
12,3.000,-219,68
12,3.018,-222,72
12,3.037,-225,76
12,3.051,-227,78
12,3.071,-231,82
12,3.084,-235,86
12,3.103,-237,88
12,3.118,-239,91
12,3.136,-242,94
12,3.150,-244,96
12,3.167,-247,100
12,3.184,-251,104
12,3.200,-255,108
12,3.216,-256,109
12,3.233,-259,112
12,3.250,-261,116
12,3.268,-264,119
12,3.289,-268,123
12,3.307,-271,126
12,3.319,-273,128
12,3.334,-276,132
12,3.354,-278,134
12,3.372,-281,138
12,3.385,-282,139
12,3.402,-285,142
12,3.419,-289,145
12,3.442,-291,148
12,3.467,-295,151
12,3.486,-297,153
12,3.505,-299,156
12,3.523,-301,158
12,3.551,-304,161
12,3.569,-305,162
12,3.587,-308,164
12,3.601,-310,166
12,3.620,-312,168
12,3.635,-313,168
12,3.660,-315,171
12,3.682,-317,172
12,3.701,-317,174
12,3.720,-319,176
12,3.734,-321,177
12,3.754,-321,178
12,3.783,-324,180
12,3.801,-325,182
12,3.826,-327,183
12,3.847,-329,185
12,3.866,-331,186
12,3.883,-331,187
12,3.900,-331,188
12,3.916,-332,189
12,3.933,-333,190
12,3.966,-333,192
12,3.983,-334,192
12,4.000,-335,194
12,4.033,-335,195
12,4.050,-336,196
12,4.067,-336,197
12,4.083,-337,198
12,4.099,-337,199
12,4.116,-338,200
12,4.133,-339,201
12,4.150,-339,202
12,4.183,-340,204
12,4.200,-341,205
12,4.216,-341,206
12,4.233,-342,208
12,4.250,-342,209
12,4.266,-343,211
12,4.283,-343,212
12,4.299,-343,213
12,4.318,-343,215
12,4.343,-343,218
12,4.366,-344,220
12,4.385,-344,222
12,4.420,-344,226
12,4.439,-344,228
12,4.457,-344,232
12,4.467,-343,233
12,4.485,-343,236
12,4.519,-343,238
12,4.534,-343,240
12,4.551,-343,241
12,4.568,-343,242
12,4.583,-343,243
12,4.599,-343,244
12,4.616,-343,245
12,4.633,-343,246
13,0.000,-5,-279
13,0.234,-5,-278
13,0.251,-5,-276
13,0.285,-5,-274
13,0.318,-5,-272
13,0.351,-5,-270
13,0.384,-5,-268
13,0.416,-5,-266
13,0.433,-4,-265
13,0.450,-4,-264
13,0.467,-4,-262
13,0.500,-4,-261
13,0.519,-4,-260
13,0.535,-4,-258
13,0.568,-4,-257
13,0.587,-4,-256
13,0.608,-4,-255
13,0.631,-4,-253
13,0.650,-4,-252
13,0.667,-4,-250
13,0.685,-4,-249
13,0.703,-4,-248
13,0.718,-3,-248
13,0.736,-4,-246
13,0.751,-3,-245
13,0.769,-3,-244
13,0.785,-3,-243
13,0.803,-3,-242
13,0.821,-3,-241
13,0.834,-3,-240
13,0.868,-3,-238
13,0.901,-3,-237
13,0.919,-3,-236
13,0.952,-3,-234
13,0.986,-3,-233
13,1.001,-3,-232
13,1.018,-3,-231
13,1.035,-3,-230
13,1.070,-3,-228
13,1.101,-3,-227
13,1.117,-3,-226
13,1.135,-3,-225
13,1.151,-3,-224
13,1.185,-3,-222
13,1.218,-3,-221
13,1.235,-3,-220
13,1.268,-3,-219
13,1.299,-3,-218
13,1.318,-3,-216
13,1.353,-3,-215
13,1.367,-3,-214
13,1.385,-3,-213
13,1.401,-3,-212
13,1.419,-3,-211
13,1.435,-3,-210
13,1.460,-3,-208
13,1.480,-3,-207
13,1.499,-3,-205
13,1.516,-3,-204
13,1.532,-3,-202
13,1.549,-3,-201
13,1.566,-3,-200
13,1.583,-3,-198
13,1.600,-3,-196
13,1.616,-3,-194
13,1.633,-3,-193
13,1.650,-3,-191
13,1.666,-3,-189
13,1.684,-3,-188
13,1.703,-3,-186
13,1.727,-3,-184
13,1.747,-3,-182
13,1.766,-3,-181
13,1.783,-3,-180
13,1.800,-3,-178
13,1.816,-3,-177
13,1.833,-3,-176
13,1.850,-2,-175
13,1.866,-2,-174
13,1.883,-2,-173
13,1.899,-2,-172
13,1.916,-2,-170
13,1.933,-2,-169
13,1.950,-1,-168
13,1.966,-1,-167
13,1.983,-1,-166
13,2.000,-1,-165
13,2.017,-1,-164
13,2.035,-1,-163
13,2.051,-1,-162
13,2.099,0,-160
13,2.117,0,-159
13,2.137,0,-158
13,2.164,0,-156
13,2.183,0,-154
13,2.199,0,-152
13,2.216,0,-150
13,2.233,0,-149
13,2.249,1,-147
13,2.266,1,-145
13,2.283,1,-144
13,2.299,1,-142
13,2.316,1,-141
13,2.333,1,-139
13,2.349,1,-136
13,2.366,1,-135
13,2.383,1,-132
13,2.399,1,-128
13,2.416,2,-125
13,2.433,2,-124
13,2.449,3,-122
13,2.467,3,-119
13,2.483,3,-116
13,2.499,3,-114
13,2.516,4,-110
13,2.533,4,-108
13,2.549,5,-105
13,2.566,5,-103
13,2.583,5,-102
13,2.599,5,-99
13,2.616,5,-96
13,2.633,5,-93
13,2.649,5,-92
13,2.666,6,-89
13,2.683,6,-86
13,2.699,6,-84
13,2.733,6,-81
13,2.749,6,-78
13,2.766,6,-75
13,2.782,6,-74
13,2.799,6,-71
13,2.817,6,-68
13,2.832,6,-66
13,2.849,6,-65
13,2.866,6,-64
13,2.882,6,-62
13,2.899,6,-59
13,2.916,6,-58
13,2.932,6,-54
13,2.949,6,-52
13,2.966,6,-49
13,2.983,6,-48
13,2.999,6,-46
13,3.016,6,-44
13,3.032,6,-42
13,3.049,5,-40
13,3.066,5,-38
13,3.082,5,-35
13,3.099,5,-32
13,3.116,5,-31
13,3.132,5,-29
13,3.149,5,-28
13,3.166,5,-26
13,3.182,5,-25
13,3.199,5,-23
13,3.218,5,-21
13,3.234,5,-19
13,3.250,5,-16
13,3.267,5,-15
13,3.284,5,-13
13,3.303,5,-11
13,3.317,5,-9
13,3.334,5,-8
13,3.351,5,-6
13,3.371,5,-5
13,3.390,5,-3
13,3.400,5,-2
13,3.418,5,0
13,3.433,6,2
13,3.451,6,4
13,3.468,6,5
13,3.484,6,7
13,3.498,6,8
13,3.515,6,9
13,3.532,6,10
13,3.548,7,12
13,3.565,7,13
13,3.582,7,14
13,3.598,7,15
13,3.615,7,17
13,3.632,7,19
13,3.648,7,20
13,3.665,7,22
13,3.681,7,24
13,3.698,7,25
13,3.715,7,26
13,3.731,7,28
13,3.748,7,29
13,3.765,7,30
13,3.782,7,31
13,3.798,8,32
13,3.815,8,33
13,3.832,8,34
13,3.848,9,35
13,3.865,9,37
13,3.881,9,38
13,3.898,9,40
13,3.915,9,41
13,3.931,9,42
13,3.949,9,44
13,3.967,9,45
13,3.988,10,46
13,4.005,10,47
13,4.015,10,48
13,4.048,11,49
13,4.065,11,50
13,4.082,11,51
13,4.099,11,52
13,4.117,11,53
13,4.135,12,54
13,4.150,12,55
13,4.169,13,56
13,4.183,13,58
13,4.217,13,60
13,4.235,13,62
13,4.255,13,63
13,4.267,14,64
13,4.284,14,65
13,4.300,15,66
13,4.316,15,67
13,4.331,15,68
13,4.348,15,70
13,4.364,16,72
13,4.398,16,74
13,4.414,17,76
13,4.431,17,78
13,4.448,17,80
13,4.464,18,82
13,4.481,19,84
13,4.498,19,86
13,4.514,19,87
13,4.531,20,89
13,4.548,21,90
13,4.566,21,92
13,4.582,21,93
13,4.599,21,96
13,4.615,22,98
13,4.632,23,100
13,4.649,23,102
13,4.665,23,104
13,4.682,23,106
13,4.699,24,107
13,4.715,24,108
13,4.732,25,110
13,4.749,25,112
13,4.766,25,114
13,4.784,25,117
13,4.799,25,118
13,4.818,26,121
13,4.834,26,123
13,4.856,27,126
13,4.881,28,129
13,4.900,29,132
13,4.921,30,134
13,4.941,31,137
13,4.965,32,141
13,4.984,33,143
13,5.000,33,144
13,5.016,35,146
13,5.034,35,148
13,5.049,37,150
13,5.066,37,151
13,5.083,38,154
13,5.102,39,156
13,5.122,40,159
13,5.133,41,160
13,5.151,41,162
13,5.166,42,164
13,5.185,43,166
13,5.217,44,168
13,5.233,45,170
13,5.253,45,173
13,5.266,45,174
13,5.284,46,177
13,5.299,47,179
13,5.315,47,180
13,5.332,49,182
13,5.349,50,184
13,5.365,51,186
13,5.381,51,187
13,5.398,53,189
13,5.415,54,191
13,5.432,55,194
13,5.448,55,195
13,5.465,57,198
13,5.482,58,200
13,5.498,59,202
13,5.515,59,203
13,5.532,60,204
13,5.549,61,206
13,5.565,61,208
13,5.589,62,210
13,5.606,63,212
13,5.624,63,214
13,5.643,63,216
13,5.661,64,217
13,5.683,64,218
13,5.702,65,220
13,5.720,65,222
13,5.752,66,224
13,5.781,67,226
13,5.799,68,228
13,5.817,69,229
13,5.836,69,231
13,5.858,70,232
13,5.874,71,234
13,5.896,72,237
13,5.915,73,238
13,5.932,73,240
13,5.949,75,240
13,5.965,75,242
13,5.998,76,242
13,6.015,77,243
14,0.001,-7,-281
14,0.186,-7,-280
14,0.202,-7,-279
14,0.219,-7,-278
14,0.237,-7,-277
14,0.252,-7,-276
14,0.269,-7,-275
14,0.286,-7,-274
14,0.302,-7,-272
14,0.319,-7,-271
14,0.335,-6,-269
14,0.367,-6,-266
14,0.385,-6,-265
14,0.401,-5,-263
14,0.417,-5,-262
14,0.434,-5,-261
14,0.451,-5,-260
14,0.467,-5,-258
14,0.484,-5,-256
14,0.517,-5,-254
14,0.534,-5,-253
14,0.551,-5,-252
14,0.567,-5,-251
14,0.584,-4,-250
14,0.601,-4,-248
14,0.618,-4,-246
14,0.650,-3,-244
14,0.668,-3,-243
14,0.684,-3,-242
14,0.717,-3,-240
14,0.750,-3,-239
14,0.767,-3,-238
14,0.785,-3,-237
14,0.804,-3,-236
14,0.818,-3,-235
14,0.840,-3,-234
14,0.867,-3,-233
14,0.883,-3,-232
14,0.900,-3,-231
14,0.917,-3,-230
14,0.934,-3,-229
14,0.950,-3,-228
14,0.969,-3,-226
14,1.004,-3,-224
14,1.022,-3,-222
14,1.059,-3,-220
14,1.084,-3,-218
14,1.107,-3,-216
14,1.126,-3,-215
14,1.147,-3,-214
14,1.168,-3,-211
14,1.189,-3,-209
14,1.211,-3,-207
14,1.234,-3,-204
14,1.252,-2,-203
14,1.278,-2,-200
14,1.300,-2,-199
14,1.321,-1,-196
14,1.337,-1,-195
14,1.351,-1,-192
14,1.368,0,-190
14,1.384,0,-188
14,1.402,1,-185
14,1.418,2,-182
14,1.437,3,-180
14,1.455,3,-178
14,1.468,3,-177
14,1.486,4,-174
14,1.501,4,-172
14,1.522,5,-168
14,1.534,5,-167
14,1.551,5,-164
14,1.567,6,-162
14,1.583,6,-161
14,1.600,7,-159
14,1.618,7,-158
14,1.633,7,-155
14,1.650,8,-153
14,1.667,8,-152
14,1.683,9,-149
14,1.700,9,-147
14,1.717,9,-145
14,1.733,9,-144
14,1.750,9,-142
14,1.768,10,-140
14,1.785,11,-138
14,1.802,11,-137
14,1.818,12,-135
14,1.837,13,-132
14,1.858,14,-130
14,1.886,15,-127
14,1.901,16,-126
14,1.919,17,-124
14,1.934,18,-122
14,1.952,19,-121
14,1.968,19,-120
14,1.988,20,-117
14,2.002,21,-116
14,2.020,21,-114
14,2.035,22,-112
14,2.053,23,-109
14,2.074,23,-107
14,2.100,25,-104
14,2.119,25,-102
14,2.140,25,-100
14,2.152,27,-97
14,2.170,27,-95
14,2.185,28,-92
14,2.202,29,-90
14,2.219,31,-87
14,2.243,32,-84
14,2.265,33,-82
14,2.284,35,-80
14,2.301,36,-76
14,2.318,38,-73
14,2.333,39,-70
14,2.349,40,-68
14,2.365,41,-66
14,2.382,43,-64
14,2.399,43,-61
14,2.415,43,-60
14,2.433,45,-56
14,2.449,45,-53
14,2.465,47,-50
14,2.482,47,-48
14,2.499,49,-46
14,2.516,50,-42
14,2.532,52,-39
14,2.550,53,-38
14,2.567,55,-34
14,2.584,57,-30
14,2.600,59,-28
14,2.617,59,-26
14,2.633,61,-24
14,2.650,62,-20
14,2.667,63,-16
14,2.683,63,-14
14,2.700,65,-11
14,2.716,66,-8
14,2.733,67,-5
14,2.750,69,-4
14,2.766,70,0
14,2.784,72,3
14,2.800,74,6
14,2.816,75,8
14,2.833,77,10
14,2.850,79,13
14,2.867,80,15
14,2.883,81,16
14,2.900,82,20
14,2.917,83,23
14,2.933,85,26
14,2.950,86,28
14,2.967,88,30
14,2.983,90,33
14,3.002,92,36
14,3.016,93,38
14,3.033,95,41
14,3.050,97,44
14,3.067,98,47
14,3.083,99,48
14,3.101,101,51
14,3.116,102,54
14,3.133,104,57
14,3.150,105,59
14,3.167,107,62
14,3.183,109,66
14,3.200,112,68
14,3.216,113,70
14,3.233,116,73
14,3.250,117,76
14,3.266,119,80
14,3.284,120,81
14,3.300,121,85
14,3.319,124,88
14,3.332,127,91
14,3.349,128,93
14,3.366,131,96
14,3.383,133,100
14,3.399,135,103
14,3.416,136,104
14,3.433,137,107
14,3.449,139,109
14,3.466,141,112
14,3.483,141,113
14,3.499,143,116
14,3.516,145,119
14,3.533,147,121
14,3.549,147,122
14,3.566,150,125
14,3.583,152,127
14,3.599,154,128
14,3.616,155,130
14,3.632,155,131
14,3.649,157,133
14,3.666,157,135
14,3.683,158,136
14,3.701,159,138
14,3.721,160,140
14,3.742,161,142
14,3.766,163,144
14,3.788,165,146
14,3.808,166,148
14,3.833,169,150
14,3.861,171,152
14,3.889,173,154
14,3.914,174,157
14,3.933,175,159
14,3.949,175,160
14,3.966,177,161
14,3.983,177,162
14,4.000,178,164
14,4.016,179,164
14,4.033,180,166
14,4.050,181,167
14,4.067,183,169
14,4.083,183,170
14,4.099,184,171
14,4.116,185,172
14,4.133,187,174
14,4.149,187,175
14,4.166,189,177
14,4.183,190,178
14,4.199,191,180
14,4.216,192,180
14,4.233,193,182
14,4.250,195,184
14,4.266,195,185
14,4.283,196,186
14,4.300,197,186
14,4.316,198,188
14,4.333,199,189
14,4.349,200,190
14,4.366,201,192
14,4.383,202,193
14,4.399,203,194
14,4.416,204,195
14,4.433,205,197
14,4.450,206,198
14,4.466,207,200
14,4.484,208,200
14,4.499,209,202
14,4.516,211,203
14,4.533,212,204
14,4.549,212,205
14,4.566,213,207
14,4.583,214,208
14,4.600,215,210
14,4.617,215,211
14,4.633,215,213
14,4.649,216,215
14,4.666,217,217
14,4.682,217,218
14,4.699,218,220
14,4.716,219,221
14,4.739,220,223
14,4.749,221,224
14,4.766,222,226
14,4.782,223,228
14,4.799,225,230
14,4.816,225,232
14,4.833,227,234
14,4.849,229,237
14,4.866,230,239
14,4.882,231,240
14,4.899,233,242
14,4.916,233,244
14,4.932,235,247
14,4.949,235,248
14,4.966,235,250
14,4.984,236,252
14,4.998,237,254
14,5.032,237,255
15,0.000,-5,-281
15,0.117,-5,-280
15,0.167,-5,-279
15,0.219,-5,-278
15,0.286,-5,-277
15,0.302,-5,-276
15,0.352,-5,-275
15,0.369,-5,-274
15,0.402,-5,-273
15,0.418,-5,-272
15,0.455,-5,-271
15,0.473,-5,-270
15,0.505,-5,-269
15,0.536,-5,-268
15,0.557,-5,-267
15,0.580,-5,-266
15,0.603,-5,-264
15,0.621,-4,-264
15,0.639,-4,-262
15,0.652,-4,-261
15,0.673,-4,-260
15,0.686,-4,-259
15,0.706,-4,-258
15,0.719,-4,-256
15,0.739,-4,-254
15,0.764,-4,-253
15,0.784,-4,-251
15,0.801,-4,-250
15,0.818,-4,-248
15,0.834,-3,-247
15,0.851,-3,-246
15,0.868,-3,-245
15,0.884,-3,-243
15,0.902,-3,-242
15,0.924,-3,-240
15,0.943,-3,-239
15,0.967,-3,-237
15,0.990,-3,-236
15,1.011,-3,-234
15,1.035,-3,-232
15,1.057,-3,-230
15,1.076,-3,-229
15,1.100,-3,-226
15,1.121,-3,-224
15,1.140,-3,-223
15,1.162,-3,-222
15,1.183,-3,-219
15,1.203,-3,-218
15,1.221,-3,-217
15,1.236,-3,-216
15,1.254,-3,-214
15,1.291,-3,-211
15,1.303,-3,-210
15,1.323,-3,-208
15,1.335,-3,-207
15,1.356,-4,-204
15,1.381,-5,-202
15,1.402,-6,-198
15,1.426,-7,-196
15,1.446,-8,-194
15,1.469,-9,-190
15,1.490,-10,-187
15,1.509,-11,-184
15,1.534,-11,-182
15,1.551,-12,-180
15,1.567,-13,-177
15,1.583,-14,-174
15,1.601,-15,-173
15,1.617,-16,-170
15,1.634,-17,-168
15,1.650,-19,-165
15,1.667,-20,-164
15,1.684,-23,-161
15,1.700,-25,-159
15,1.717,-27,-156
15,1.734,-28,-154
15,1.768,-29,-151
15,1.784,-31,-148
15,1.800,-31,-147
15,1.817,-32,-145
15,1.834,-34,-142
15,1.852,-36,-139
15,1.867,-37,-138
15,1.883,-40,-135
15,1.900,-41,-132
15,1.917,-44,-129
15,1.933,-45,-128
15,1.950,-47,-124
15,1.967,-49,-121
15,1.984,-51,-118
15,2.002,-53,-114
15,2.018,-54,-112
15,2.040,-59,-105
15,2.060,-63,-100
15,2.084,-65,-96
15,2.100,-67,-91
15,2.117,-69,-87
15,2.134,-71,-82
15,2.150,-73,-80
15,2.167,-75,-76
15,2.184,-79,-71
15,2.200,-81,-69
15,2.217,-83,-65
15,2.234,-85,-61
15,2.250,-87,-58
15,2.267,-88,-56
15,2.283,-89,-52
15,2.300,-92,-47
15,2.317,-95,-42
15,2.333,-97,-38
15,2.350,-99,-37
15,2.367,-102,-32
15,2.383,-105,-28
15,2.400,-107,-24
15,2.417,-107,-22
15,2.433,-110,-17
15,2.450,-112,-13
15,2.467,-115,-8
15,2.483,-117,-6
15,2.500,-120,-2
15,2.517,-123,2
15,2.533,-125,5
15,2.550,-125,7
15,2.567,-127,10
15,2.583,-130,14
15,2.600,-132,18
15,2.617,-133,20
15,2.633,-135,23
15,2.650,-137,26
15,2.667,-140,29
15,2.683,-141,30
15,2.700,-143,32
15,2.717,-144,35
15,2.733,-145,38
15,2.751,-147,40
15,2.774,-148,42
15,2.801,-150,46
15,2.825,-153,49
15,2.848,-156,52
15,2.867,-158,54
15,2.883,-159,56
15,2.900,-160,58
15,2.917,-162,60
15,2.933,-163,62
15,2.950,-164,64
15,2.966,-165,66
15,2.983,-167,68
15,3.000,-169,70
15,3.017,-170,72
15,3.033,-172,74
15,3.050,-174,76
15,3.067,-176,79
15,3.083,-177,80
15,3.100,-179,82
15,3.117,-181,85
15,3.133,-182,87
15,3.150,-183,88
15,3.167,-184,91
15,3.183,-186,93
15,3.200,-187,96
15,3.217,-188,97
15,3.233,-190,100
15,3.250,-192,102
15,3.267,-194,106
15,3.283,-195,107
15,3.300,-197,110
15,3.317,-199,112
15,3.338,-200,114
15,3.361,-202,118
15,3.383,-203,121
15,3.404,-204,124
15,3.426,-205,126
15,3.450,-207,130
15,3.471,-208,133
15,3.491,-209,135
15,3.512,-211,138
15,3.533,-214,142
15,3.552,-216,144
15,3.572,-217,147
15,3.585,-218,148
15,3.608,-219,150
15,3.633,-221,154
15,3.656,-222,158
15,3.675,-223,160
15,3.697,-224,162
15,3.716,-225,164
15,3.733,-227,167
15,3.750,-227,168
15,3.766,-229,170
15,3.783,-230,173
15,3.800,-231,176
15,3.817,-232,177
15,3.833,-234,180
15,3.849,-236,182
15,3.866,-237,185
15,3.883,-238,186
15,3.899,-239,189
15,3.916,-240,192
15,3.933,-241,194
15,3.950,-241,196
15,3.966,-243,198
15,3.983,-243,201
15,3.999,-245,204
15,4.016,-245,205
15,4.033,-247,208
15,4.050,-248,211
15,4.067,-249,214
15,4.085,-251,216
15,4.110,-252,219
15,4.140,-254,224
15,4.173,-255,229
15,4.198,-255,232
15,4.218,-256,236
15,4.238,-256,238
15,4.259,-257,240
15,4.269,-257,241
15,4.283,-257,242
15,4.299,-257,244
15,4.316,-256,245
15,4.333,-256,246
16,0.001,-3,-279
16,0.351,-3,-278
16,0.418,-3,-277
16,0.468,-4,-276
16,0.501,-4,-275
16,0.534,-4,-274
16,0.568,-4,-273
16,0.585,-4,-272
16,0.617,-4,-271
16,0.634,-4,-270
16,0.651,-4,-269
16,0.683,-5,-266
16,0.699,-5,-265
16,0.716,-5,-264
16,0.735,-5,-262
16,0.757,-5,-260
16,0.769,-6,-258
16,0.791,-6,-256
16,0.814,-7,-252
16,0.835,-7,-250
16,0.858,-7,-247
16,0.883,-7,-244
16,0.901,-7,-242
16,0.919,-7,-240
16,0.937,-7,-239
16,0.949,-7,-237
16,0.966,-7,-236
16,0.983,-7,-235
16,1.000,-7,-234
16,1.017,-7,-232
16,1.033,-7,-230
16,1.066,-7,-228
16,1.083,-7,-226
16,1.100,-7,-225
16,1.116,-7,-224
16,1.133,-7,-223
16,1.150,-7,-222
16,1.166,-7,-220
16,1.183,-7,-219
16,1.200,-7,-217
16,1.216,-7,-216
16,1.233,-7,-214
16,1.256,-7,-212
16,1.279,-7,-210
16,1.299,-8,-206
16,1.316,-8,-205
16,1.333,-9,-202
16,1.349,-9,-200
16,1.366,-10,-198
16,1.383,-10,-197
16,1.400,-11,-195
16,1.418,-11,-193
16,1.440,-11,-191
16,1.452,-11,-188
16,1.473,-12,-186
16,1.496,-12,-184
16,1.518,-13,-180
16,1.541,-14,-178
16,1.566,-16,-174
16,1.587,-17,-171
16,1.601,-18,-170
16,1.627,-21,-165
16,1.649,-23,-162
16,1.668,-26,-159
16,1.695,-29,-155
16,1.718,-30,-152
16,1.734,-31,-149
16,1.760,-34,-144
16,1.784,-37,-142
16,1.804,-41,-138
16,1.818,-44,-136
16,1.837,-47,-132
16,1.849,-47,-131
16,1.866,-50,-127
16,1.883,-53,-124
16,1.899,-57,-120
16,1.916,-59,-118
16,1.932,-63,-114
16,1.950,-67,-110
16,1.972,-70,-107
16,1.994,-75,-102
16,2.016,-82,-97
16,2.041,-85,-93
16,2.058,-88,-90
16,2.067,-90,-88
16,2.083,-95,-84
16,2.100,-99,-80
16,2.116,-101,-79
16,2.133,-104,-76
16,2.150,-107,-72
16,2.167,-109,-69
16,2.183,-111,-68
16,2.199,-115,-64
16,2.216,-119,-61
16,2.233,-121,-58
16,2.249,-124,-55
16,2.267,-125,-54
16,2.283,-128,-50
16,2.300,-131,-48
16,2.316,-135,-44
16,2.333,-137,-42
16,2.350,-139,-39
16,2.367,-142,-36
16,2.384,-145,-32
16,2.400,-146,-31
16,2.416,-149,-27
16,2.433,-153,-22
16,2.449,-155,-20
16,2.466,-159,-17
16,2.483,-161,-13
16,2.500,-165,-9
16,2.516,-168,-5
16,2.533,-170,-3
16,2.549,-174,2
16,2.566,-178,6
16,2.583,-181,10
16,2.599,-183,12
16,2.617,-186,16
16,2.633,-189,20
16,2.649,-193,24
16,2.666,-195,26
16,2.683,-198,30
16,2.699,-201,35
16,2.716,-203,38
16,2.733,-205,40
16,2.750,-208,44
16,2.766,-212,49
16,2.783,-216,53
16,2.799,-217,55
16,2.816,-219,59
16,2.833,-222,63
16,2.850,-224,66
16,2.866,-226,68
16,2.883,-229,72
16,2.899,-233,76
16,2.918,-235,80
16,2.934,-237,81
16,2.955,-240,86
16,2.967,-241,88
16,2.991,-243,92
16,3.010,-245,95
16,3.033,-248,98
16,3.050,-252,103
16,3.066,-253,104
16,3.082,-255,108
16,3.098,-257,110
16,3.115,-258,112
16,3.132,-259,114
16,3.149,-260,116
16,3.165,-261,119
16,3.182,-261,120
16,3.198,-263,122
16,3.215,-264,125
16,3.232,-265,127
16,3.250,-267,130
16,3.266,-268,131
16,3.282,-269,133
16,3.299,-271,134
16,3.315,-271,136
16,3.332,-273,138
16,3.349,-274,140
16,3.365,-275,142
16,3.382,-276,142
16,3.399,-277,144
16,3.415,-278,146
16,3.432,-279,147
16,3.449,-279,148
16,3.465,-279,150
16,3.482,-280,151
16,3.499,-280,152
16,3.517,-281,154
16,3.539,-281,155
16,3.551,-281,156
16,3.571,-282,156
16,3.583,-282,158
16,3.606,-283,159
16,3.628,-283,160
16,3.649,-283,161
16,3.666,-284,162
16,3.699,-285,164
16,3.716,-286,165
16,3.750,-287,166
16,3.766,-287,168
16,3.782,-288,168
16,3.800,-288,169
16,3.817,-289,170
16,3.849,-289,171
16,3.866,-290,172
16,3.899,-291,173
16,3.916,-291,174
16,3.949,-291,175
16,3.966,-292,176
16,3.982,-292,177
16,3.999,-293,177
16,4.016,-293,178
16,4.049,-294,179
16,4.066,-294,180
16,4.082,-295,180
16,4.099,-295,181
16,4.116,-295,182
16,4.166,-296,183
16,4.182,-296,184
16,4.216,-297,184
16,4.232,-297,185
16,4.249,-297,186
16,4.299,-297,187
16,4.349,-297,188
16,4.382,-297,189
16,4.399,-297,190
16,4.416,-298,190
16,4.432,-298,191
16,4.450,-298,192
16,4.499,-298,193
16,4.516,-299,194
16,4.549,-299,195
16,4.566,-299,196
16,4.599,-299,197
16,4.616,-299,198
16,4.665,-299,199
16,4.682,-299,200
16,4.716,-299,201
16,4.732,-299,202
16,4.766,-299,204
16,4.799,-299,205
16,4.815,-299,206
16,4.832,-299,207
16,4.849,-299,208
16,4.882,-299,210
16,4.899,-299,212
16,4.915,-299,213
16,4.932,-299,214
16,4.949,-300,216
16,4.965,-300,218
16,4.998,-300,220
16,5.016,-300,222
16,5.037,-300,224
16,5.064,-299,226
16,5.084,-299,229
16,5.099,-299,232
16,5.114,-299,233
16,5.131,-298,235
16,5.148,-298,237
16,5.164,-297,238
16,5.198,-297,240
16,5.214,-296,240
16,5.231,-295,241
16,5.248,-295,242
17,0.001,-3,-282
17,0.254,-3,-281
17,0.304,-3,-280
17,0.370,-3,-279
17,0.387,-3,-278
17,0.420,-3,-277
17,0.437,-4,-276
17,0.471,-4,-275
17,0.502,-4,-274
17,0.518,-4,-273
17,0.552,-4,-272
17,0.569,-4,-271
17,0.585,-4,-270
17,0.635,-4,-269
17,0.668,-4,-268
17,0.684,-4,-267
17,0.701,-4,-266
17,0.717,-3,-266
17,0.751,-3,-265
17,0.769,-3,-264
17,0.801,-3,-263
17,0.817,-3,-262
17,0.867,-3,-261
17,0.883,-3,-260
17,0.933,-3,-259
17,0.950,-3,-258
17,1.000,-3,-257
17,1.017,-3,-256
17,1.051,-3,-255
17,1.084,-3,-254
17,1.117,-3,-253
17,1.134,-3,-252
17,1.167,-3,-251
17,1.184,-3,-250
17,1.217,-3,-248
17,1.234,-3,-247
17,1.251,-3,-246
17,1.267,-3,-245
17,1.284,-3,-244
17,1.302,-3,-242
17,1.319,-3,-240
17,1.335,-3,-239
17,1.357,-3,-238
17,1.368,-3,-237
17,1.386,-3,-235
17,1.403,-3,-233
17,1.425,-3,-231
17,1.447,-3,-229
17,1.468,-3,-226
17,1.486,-3,-225
17,1.502,-3,-223
17,1.523,-2,-221
17,1.542,-2,-220
17,1.565,-2,-218
17,1.584,-2,-216
17,1.601,-2,-215
17,1.618,-2,-214
17,1.634,-2,-213
17,1.650,-1,-212
17,1.666,-1,-210
17,1.685,-1,-208
17,1.718,-1,-206
17,1.735,-1,-205
17,1.752,-1,-204
17,1.768,-1,-203
17,1.784,0,-202
17,1.800,0,-200
17,1.834,1,-199
17,1.850,1,-198
17,1.884,1,-197
17,1.900,1,-196
17,1.917,1,-194
17,1.934,1,-193
17,1.950,1,-192
17,1.967,1,-191
17,1.983,1,-190
17,2.000,2,-188
17,2.017,2,-186
17,2.050,3,-184
17,2.067,3,-182
17,2.100,3,-180
17,2.117,3,-179
17,2.133,3,-177
17,2.150,3,-176
17,2.167,4,-174
17,2.184,4,-172
17,2.200,4,-169
17,2.217,5,-168
17,2.233,5,-165
17,2.250,5,-163
17,2.267,5,-161
17,2.284,5,-160
17,2.300,5,-158
17,2.317,5,-156
17,2.333,5,-154
17,2.350,5,-153
17,2.367,5,-150
17,2.383,5,-148
17,2.400,6,-146
17,2.417,6,-144
17,2.450,6,-142
17,2.467,6,-140
17,2.500,6,-138
17,2.517,6,-136
17,2.533,7,-134
17,2.550,7,-132
17,2.567,7,-130
17,2.584,7,-128
17,2.600,7,-126
17,2.633,7,-124
17,2.651,7,-123
17,2.667,7,-122
17,2.683,7,-121
17,2.700,7,-120
17,2.717,7,-118
17,2.733,7,-116
17,2.767,8,-114
17,2.783,8,-112
17,2.801,8,-110
17,2.816,8,-109
17,2.833,8,-107
17,2.850,8,-106
17,2.866,8,-104
17,2.883,8,-103
17,2.900,8,-102
17,2.917,8,-101
17,2.933,9,-100
17,2.950,9,-99
17,2.966,9,-97
17,2.983,9,-95
17,3.000,9,-93
17,3.016,9,-92
17,3.033,9,-90
17,3.050,9,-88
17,3.068,9,-87
17,3.085,9,-86
17,3.101,9,-84
17,3.135,9,-82
17,3.157,9,-81
17,3.178,9,-80
17,3.200,10,-77
17,3.221,10,-76
17,3.240,10,-74
17,3.253,10,-73
17,3.270,10,-72
17,3.284,10,-70
17,3.318,9,-68
17,3.351,9,-66
17,3.384,9,-65
17,3.402,9,-64
17,3.418,9,-63
17,3.437,9,-62
17,3.456,9,-61
17,3.468,9,-60
17,3.489,9,-59
17,3.501,9,-58
17,3.518,9,-57
17,3.534,9,-55
17,3.551,9,-53
17,3.568,9,-52
17,3.589,9,-50
17,3.611,8,-49
17,3.632,8,-48
17,3.653,8,-46
17,3.678,7,-44
17,3.699,7,-43
17,3.720,7,-42
17,3.749,7,-40
17,3.768,7,-37
17,3.784,7,-35
17,3.805,7,-34
17,3.817,7,-32
17,3.841,7,-30
17,3.861,6,-29
17,3.881,6,-28
17,3.900,6,-26
17,3.916,6,-25
17,3.933,6,-24
17,3.950,5,-23
17,3.966,5,-22
17,3.984,5,-20
17,4.000,5,-19
17,4.016,5,-18
17,4.033,5,-16
17,4.050,5,-14
17,4.067,5,-13
17,4.083,5,-11
17,4.117,5,-9
17,4.134,4,-8
17,4.151,4,-7
17,4.167,4,-6
17,4.184,3,-5
17,4.201,3,-4
17,4.217,3,-2
17,4.234,3,-1
17,4.250,2,1
17,4.267,2,4
17,4.284,1,6
17,4.301,1,7
17,4.319,1,8
17,4.334,0,10
17,4.351,-1,12
17,4.368,-1,14
17,4.385,-1,16
17,4.400,-2,18
17,4.420,-3,20
17,4.434,-3,22
17,4.454,-4,25
17,4.468,-5,28
17,4.482,-6,28
17,4.499,-7,30
17,4.516,-8,32
17,4.533,-8,35
17,4.549,-9,37
17,4.566,-9,38
17,4.583,-9,41
17,4.602,-10,44
17,4.618,-10,46
17,4.634,-11,47
17,4.651,-11,48
17,4.673,-11,50
17,4.697,-11,52
17,4.716,-11,53
17,4.733,-11,54
17,4.749,-11,55
17,4.766,-11,57
17,4.783,-11,59
17,4.799,-11,61
17,4.817,-11,62
17,4.833,-11,64
17,4.850,-11,65
17,4.867,-11,66
17,4.883,-11,68
17,4.918,-11,70
17,4.934,-11,72
17,4.953,-11,74
17,4.972,-11,76
17,4.984,-11,77
17,5.004,-11,79
17,5.017,-11,81
17,5.034,-11,82
17,5.050,-10,84
17,5.067,-10,86
17,5.083,-9,88
17,5.101,-9,89
17,5.117,-9,92
17,5.134,-7,94
17,5.150,-7,98
17,5.172,-5,100
17,5.199,-4,104
17,5.217,-2,107
17,5.234,-1,108
17,5.252,0,110
17,5.267,1,113
17,5.284,2,116
17,5.300,3,117
17,5.318,4,120
17,5.333,5,123
17,5.353,6,126
17,5.371,7,128
17,5.384,8,130
17,5.401,10,133
17,5.416,11,135
17,5.432,12,138
17,5.450,14,142
17,5.466,16,144
17,5.482,17,145
17,5.499,19,148
17,5.516,21,150
17,5.534,21,152
17,5.550,23,155
17,5.568,23,156
17,5.587,23,159
17,5.601,24,161
17,5.620,25,162
17,5.633,25,164
17,5.654,26,166
17,5.668,27,167
17,5.682,27,168
17,5.698,27,170
17,5.716,28,172
17,5.732,29,174
17,5.749,29,176
17,5.765,29,178
17,5.783,30,179
17,5.799,30,180
17,5.815,31,182
17,5.849,32,184
17,5.865,33,186
17,5.882,33,187
17,5.899,33,188
17,5.915,34,189
17,5.932,35,190
17,5.950,35,192
17,5.985,36,194
17,6.002,36,196
17,6.021,37,197
17,6.039,37,198
17,6.066,38,200
17,6.085,38,201
17,6.102,39,202
17,6.131,39,204
17,6.150,40,205
17,6.168,40,206
17,6.205,41,208
17,6.241,41,210
17,6.280,41,212
17,6.299,41,213
17,6.317,42,215
17,6.334,42,216
17,6.351,42,217
17,6.382,43,219
17,6.400,43,220
17,6.434,43,221
17,6.474,43,224
17,6.516,43,226
17,6.533,43,228
17,6.565,44,230
17,6.582,44,232
17,6.599,44,234
17,6.615,44,236
17,6.633,45,236
17,6.649,45,238
17,6.666,45,239
17,6.683,45,240
17,6.716,46,242
18,0.000,-6,-282
18,0.168,-6,-281
18,0.218,-6,-280
18,0.322,-6,-278
18,0.352,-7,-277
18,0.368,-7,-276
18,0.401,-7,-274
18,0.418,-7,-273
18,0.434,-7,-272
18,0.451,-7,-270
18,0.485,-7,-268
18,0.517,-7,-266
18,0.534,-7,-264
18,0.552,-7,-262
18,0.567,-8,-260
18,0.600,-8,-258
18,0.617,-8,-256
18,0.634,-8,-255
18,0.650,-8,-254
18,0.667,-8,-253
18,0.683,-8,-252
18,0.701,-8,-250
18,0.717,-8,-249
18,0.733,-8,-248
18,0.750,-8,-246
18,0.767,-8,-244
18,0.785,-8,-243
18,0.802,-8,-242
18,0.818,-8,-241
18,0.839,-8,-240
18,0.851,-8,-238
18,0.885,-8,-237
18,0.904,-8,-236
18,0.917,-8,-234
18,0.950,-8,-232
18,0.967,-8,-230
18,0.984,-8,-229
18,1.000,-8,-228
18,1.017,-8,-226
18,1.033,-8,-224
18,1.067,-8,-222
18,1.085,-8,-220
18,1.101,-7,-218
18,1.121,-7,-216
18,1.142,-7,-214
18,1.172,-6,-211
18,1.184,-6,-209
18,1.203,-5,-208
18,1.218,-5,-205
18,1.236,-5,-203
18,1.251,-4,-201
18,1.268,-4,-200
18,1.285,-3,-198
18,1.304,-3,-196
18,1.319,-3,-194
18,1.337,-2,-192
18,1.355,-1,-190
18,1.367,-1,-189
18,1.387,-1,-187
18,1.402,0,-186
18,1.425,1,-183
18,1.435,1,-182
18,1.452,1,-181
18,1.468,2,-180
18,1.487,2,-179
18,1.501,3,-178
18,1.518,3,-176
18,1.554,3,-174
18,1.574,3,-173
18,1.584,3,-171
18,1.601,4,-170
18,1.618,4,-168
18,1.637,5,-166
18,1.652,5,-164
18,1.683,5,-162
18,1.700,5,-161
18,1.716,5,-160
18,1.733,5,-159
18,1.750,6,-157
18,1.767,7,-155
18,1.785,7,-153
18,1.807,7,-150
18,1.835,8,-146
18,1.855,9,-144
18,1.868,9,-141
18,1.892,11,-138
18,1.901,11,-136
18,1.923,13,-132
18,1.935,14,-130
18,1.954,15,-126
18,1.966,17,-123
18,1.983,18,-120
18,2.000,19,-118
18,2.017,20,-114
18,2.033,21,-110
18,2.050,23,-106
18,2.066,23,-104
18,2.083,24,-100
18,2.100,25,-96
18,2.116,26,-92
18,2.133,27,-90
18,2.150,27,-86
18,2.166,29,-83
18,2.183,31,-79
18,2.199,31,-77
18,2.216,33,-73
18,2.233,35,-69
18,2.250,37,-66
18,2.266,37,-64
18,2.283,39,-62
18,2.299,41,-58
18,2.317,42,-54
18,2.335,43,-52
18,2.355,44,-48
18,2.368,45,-46
18,2.384,47,-42
18,2.399,47,-40
18,2.416,49,-36
18,2.433,51,-32
18,2.449,53,-30
18,2.466,55,-26
18,2.483,58,-22
18,2.499,59,-18
18,2.516,61,-14
18,2.533,62,-12
18,2.550,64,-8
18,2.570,66,-4
18,2.586,69,2
18,2.610,71,6
18,2.640,77,15
18,2.659,80,19
18,2.682,82,24
18,2.699,84,28
18,2.715,87,32
18,2.734,89,34
18,2.751,91,39
18,2.767,94,43
18,2.784,97,47
18,2.800,97,48
18,2.818,99,51
18,2.834,101,54
18,2.852,102,58
18,2.882,105,63
18,2.900,107,66
18,2.917,109,69
18,2.934,110,70
18,2.950,113,73
18,2.967,115,76
18,2.984,117,79
18,3.001,117,80
18,3.017,119,84
18,3.034,119,86
18,3.050,120,88
18,3.067,122,90
18,3.084,123,92
18,3.100,125,96
18,3.117,127,98
18,3.133,128,100
18,3.155,131,104
18,3.168,132,105
18,3.184,134,108
18,3.200,135,108
18,3.217,137,110
18,3.233,137,113
18,3.251,139,115
18,3.267,139,118
18,3.284,140,119
18,3.300,141,122
18,3.317,143,124
18,3.334,143,125
18,3.350,145,126
18,3.367,147,128
18,3.383,149,130
18,3.400,151,132
18,3.417,152,134
18,3.434,153,136
18,3.450,155,138
18,3.483,157,140
18,3.500,158,142
18,3.517,159,144
18,3.533,160,145
18,3.550,161,146
18,3.567,163,148
18,3.584,165,150
18,3.600,167,151
18,3.617,169,152
18,3.634,170,154
18,3.650,172,156
18,3.667,173,157
18,3.691,175,160
18,3.709,176,162
18,3.731,177,163
18,3.750,178,164
18,3.768,180,166
18,3.783,181,168
18,3.800,183,168
18,3.817,184,170
18,3.835,186,172
18,3.850,188,174
18,3.867,189,175
18,3.883,191,177
18,3.901,193,179
18,3.917,194,180
18,3.937,195,182
18,3.954,197,184
18,3.967,198,185
18,3.984,201,186
18,4.000,202,188
18,4.023,206,190
18,4.033,207,192
18,4.051,209,194
18,4.067,210,195
18,4.122,216,201
18,4.131,217,202
18,4.148,219,204
18,4.164,221,206
18,4.181,223,207
18,4.198,225,208
18,4.214,228,211
18,4.231,230,213
18,4.248,232,216
18,4.264,233,217
18,4.281,235,220
18,4.298,239,223
18,4.315,243,227
18,4.331,245,229
18,4.348,250,235
18,4.365,255,241
18,4.381,261,247
18,4.398,263,249
18,4.416,267,253
18,4.433,269,256
18,4.450,271,258
18,4.466,271,259
18,4.483,271,260
19,0.001,-8,-279
19,0.287,-8,-278
19,0.321,-8,-277
19,0.336,-8,-276
19,0.387,-8,-274
19,0.418,-8,-272
19,0.433,-8,-271
19,0.467,-8,-270
19,0.483,-8,-268
19,0.516,-8,-266
19,0.532,-7,-264
19,0.549,-7,-263
19,0.566,-7,-261
19,0.583,-7,-260
19,0.617,-7,-258
19,0.633,-8,-257
19,0.650,-8,-256
19,0.668,-8,-255
19,0.686,-8,-254
19,0.702,-8,-252
19,0.736,-7,-250
19,0.752,-7,-249
19,0.771,-7,-248
19,0.784,-7,-247
19,0.802,-7,-245
19,0.818,-7,-244
19,0.836,-7,-242
19,0.852,-7,-241
19,0.870,-7,-240
19,0.885,-7,-239
19,0.905,-7,-238
19,0.922,-7,-237
19,0.934,-7,-236
19,0.952,-7,-235
19,0.968,-7,-233
19,0.985,-7,-232
19,1.001,-6,-230
19,1.019,-6,-229
19,1.035,-6,-227
19,1.052,-6,-226
19,1.068,-5,-225
19,1.086,-5,-224
19,1.101,-5,-222
19,1.120,-5,-221
19,1.150,-5,-219
19,1.168,-4,-218
19,1.185,-4,-217
19,1.207,-4,-216
19,1.218,-4,-215
19,1.235,-4,-214
19,1.269,-4,-212
19,1.285,-4,-211
19,1.302,-4,-209
19,1.318,-4,-208
19,1.336,-4,-207
19,1.353,-4,-205
19,1.368,-5,-203
19,1.386,-6,-201
19,1.401,-6,-200
19,1.420,-7,-198
19,1.435,-8,-196
19,1.456,-9,-193
19,1.466,-9,-192
19,1.483,-9,-189
19,1.500,-10,-186
19,1.517,-10,-185
19,1.533,-11,-183
19,1.550,-11,-181
19,1.566,-12,-180
19,1.583,-12,-179
19,1.600,-12,-178
19,1.616,-13,-176
19,1.633,-13,-174
19,1.666,-13,-172
19,1.683,-14,-170
19,1.700,-14,-168
19,1.716,-15,-168
19,1.733,-15,-166
19,1.750,-15,-165
19,1.766,-15,-164
19,1.783,-16,-163
19,1.800,-17,-162
19,1.819,-17,-160
19,1.835,-18,-159
19,1.856,-19,-158
19,1.883,-20,-156
19,1.901,-21,-154
19,1.934,-22,-152
19,1.950,-23,-151
19,1.966,-23,-150
19,1.983,-24,-150
19,2.000,-25,-148
19,2.017,-25,-147
19,2.035,-26,-146
19,2.051,-27,-144
19,2.084,-28,-142
19,2.102,-29,-141
19,2.136,-30,-140
19,2.151,-30,-138
19,2.168,-31,-137
19,2.184,-31,-136
19,2.202,-32,-135
19,2.232,-34,-132
19,2.252,-35,-130
19,2.267,-36,-129
19,2.285,-37,-127
19,2.301,-40,-125
19,2.318,-41,-124
19,2.333,-43,-122
19,2.349,-45,-120
19,2.366,-47,-118
19,2.383,-48,-116
19,2.399,-49,-114
19,2.416,-51,-112
19,2.434,-52,-108
19,2.454,-55,-106
19,2.471,-57,-102
19,2.484,-59,-101
19,2.503,-62,-98
19,2.518,-63,-96
19,2.536,-65,-93
19,2.551,-67,-90
19,2.569,-69,-87
19,2.584,-69,-86
19,2.602,-72,-82
19,2.618,-75,-78
19,2.635,-78,-74
19,2.651,-79,-72
19,2.667,-83,-69
19,2.685,-85,-65
19,2.700,-87,-62
19,2.718,-89,-60
19,2.734,-91,-56
19,2.753,-93,-52
19,2.768,-97,-48
19,2.791,-100,-44
19,2.809,-102,-41
19,2.833,-105,-37
19,2.853,-107,-34
19,2.875,-108,-31
19,2.899,-111,-26
19,2.918,-113,-25
19,2.935,-116,-22
19,2.950,-119,-19
19,2.969,-121,-16
19,2.984,-123,-13
19,3.001,-124,-12
19,3.017,-126,-9
19,3.034,-129,-6
19,3.050,-131,-3
19,3.068,-133,-2
19,3.090,-137,3
19,3.101,-138,4
19,3.118,-139,6
19,3.134,-141,8
19,3.153,-143,10
19,3.167,-145,12
19,3.185,-146,14
19,3.200,-147,15
19,3.222,-149,17
19,3.239,-150,20
19,3.250,-151,20
19,3.268,-153,22
19,3.287,-155,24
19,3.305,-157,26
19,3.317,-158,28
19,3.336,-159,29
19,3.351,-161,31
19,3.366,-163,32
19,3.383,-163,33
19,3.399,-164,34
19,3.416,-165,36
19,3.433,-166,38
19,3.467,-167,40
19,3.484,-169,41
19,3.503,-170,43
19,3.522,-172,44
19,3.534,-173,45
19,3.553,-175,47
19,3.566,-177,48
19,3.582,-178,49
19,3.599,-179,51
19,3.616,-181,52
19,3.633,-182,54
19,3.666,-183,56
19,3.683,-184,58
19,3.699,-185,60
19,3.734,-187,62
19,3.755,-188,64
19,3.772,-189,65
19,3.784,-190,66
19,3.803,-192,68
19,3.818,-193,69
19,3.840,-195,71
19,3.857,-196,73
19,3.868,-197,74
19,3.882,-198,75
19,3.899,-199,76
19,3.916,-199,77
19,3.933,-200,79
19,3.949,-201,81
19,3.965,-202,82
19,3.982,-203,83
19,3.999,-203,85
19,4.015,-204,87
19,4.033,-205,88
19,4.049,-205,89
19,4.065,-207,91
19,4.084,-207,93
19,4.100,-208,94
19,4.123,-210,96
19,4.143,-211,98
19,4.165,-211,100
19,4.185,-212,102
19,4.203,-213,103
19,4.217,-214,105
19,4.240,-215,107
19,4.266,-217,110
19,4.286,-217,112
19,4.305,-217,114
19,4.323,-218,116
19,4.334,-219,117
19,4.350,-219,119
19,4.365,-220,121
19,4.382,-221,122
19,4.398,-221,124
19,4.415,-221,126
19,4.432,-222,128
19,4.465,-223,131
19,4.482,-223,133
19,4.499,-223,136
19,4.518,-223,137
19,4.534,-223,140
19,4.553,-224,142
19,4.572,-224,144
19,4.584,-225,147
19,4.607,-225,149
19,4.633,-227,154
19,4.658,-227,156
19,4.677,-227,159
19,4.697,-229,162
19,4.716,-229,164
19,4.732,-231,166
19,4.749,-231,168
19,4.766,-233,170
19,4.782,-233,171
19,4.799,-234,174
19,4.816,-235,176
19,4.832,-236,178
19,4.849,-236,179
19,4.865,-237,181
19,4.882,-238,182
19,4.899,-239,184
19,4.916,-239,185
19,4.932,-239,187
19,4.949,-239,189
19,4.965,-240,191
19,4.982,-240,192
19,5.000,-241,194
19,5.016,-241,197
19,5.032,-241,199
19,5.049,-241,200
19,5.065,-242,202
19,5.082,-242,203
19,5.099,-242,204
19,5.117,-242,205
19,5.136,-242,207
19,5.150,-242,209
19,5.171,-242,212
19,5.193,-242,214
19,5.215,-242,217
19,5.239,-242,218
19,5.270,-242,222
19,5.294,-242,223
19,5.315,-242,224
19,5.332,-242,226
19,5.348,-242,228
19,5.365,-242,230
19,5.382,-242,231
19,5.399,-242,234
19,5.417,-242,237
19,5.436,-241,240
19,5.450,-241,241
19,5.467,-241,244
19,5.484,-240,246
19,5.498,-240,248
19,5.515,-240,250
19,5.532,-239,252
19,5.548,-239,254
20,0.000,-6,-282
20,0.168,-6,-281
20,0.201,-6,-280
20,0.235,-6,-279
20,0.251,-6,-278
20,0.268,-5,-277
20,0.285,-5,-276
20,0.302,-5,-274
20,0.318,-5,-273
20,0.334,-5,-271
20,0.351,-5,-269
20,0.384,-4,-266
20,0.410,-4,-262
20,0.431,-3,-259
20,0.450,-3,-256
20,0.467,-3,-254
20,0.483,-3,-250
20,0.500,-3,-248
20,0.517,-3,-246
20,0.533,-2,-243
20,0.552,-2,-240
20,0.569,-2,-238
20,0.589,-2,-236
20,0.615,-2,-234
20,0.634,-2,-232
20,0.650,-2,-231
20,0.668,-2,-229
20,0.685,-1,-228
20,0.700,-1,-226
20,0.717,-1,-225
20,0.733,-1,-223
20,0.750,-1,-222
20,0.767,-1,-220
20,0.800,-1,-218
20,0.817,-1,-217
20,0.833,-1,-216
20,0.850,-1,-215
20,0.867,-1,-214
20,0.883,-1,-213
20,0.900,-1,-212
20,0.917,-1,-211
20,0.933,-1,-210
20,0.950,-1,-208
20,0.968,-1,-207
20,0.990,-1,-206
20,1.009,-1,-205
20,1.034,-1,-203
20,1.055,-1,-202
20,1.085,-1,-201
20,1.106,-1,-200
20,1.119,-1,-199
20,1.142,-1,-198
20,1.164,-1,-197
20,1.184,-1,-195
20,1.205,-1,-194
20,1.222,-1,-193
20,1.234,-1,-192
20,1.259,-2,-191
20,1.283,-2,-189
20,1.302,-3,-188
20,1.323,-3,-186
20,1.351,-3,-184
20,1.366,-3,-183
20,1.383,-3,-182
20,1.417,-3,-180
20,1.450,-3,-179
20,1.467,-3,-178
20,1.483,-3,-176
20,1.500,-4,-175
20,1.516,-4,-174
20,1.533,-4,-173
20,1.550,-4,-171
20,1.567,-4,-170
20,1.585,-4,-168
20,1.608,-4,-166
20,1.631,-5,-165
20,1.650,-5,-164
20,1.666,-5,-162
20,1.683,-5,-161
20,1.700,-5,-160
20,1.716,-5,-159
20,1.733,-5,-158
20,1.751,-5,-156
20,1.769,-6,-155
20,1.790,-6,-154
20,1.800,-6,-153
20,1.816,-6,-151
20,1.833,-7,-150
20,1.849,-7,-149
20,1.867,-7,-147
20,1.889,-7,-145
20,1.913,-8,-143
20,1.935,-9,-142
20,1.960,-9,-140
20,1.986,-9,-138
20,2.000,-9,-137
20,2.017,-9,-135
20,2.034,-9,-133
20,2.050,-9,-132
20,2.068,-9,-130
20,2.084,-10,-128
20,2.100,-10,-126
20,2.132,-10,-124
20,2.149,-10,-122
20,2.166,-10,-121
20,2.186,-10,-120
20,2.200,-10,-119
20,2.219,-10,-118
20,2.234,-10,-116
20,2.253,-10,-113
20,2.267,-11,-112
20,2.286,-11,-110
20,2.303,-11,-108
20,2.317,-11,-106
20,2.337,-11,-104
20,2.350,-11,-103
20,2.368,-11,-101
20,2.384,-12,-100
20,2.408,-12,-98
20,2.418,-12,-96
20,2.436,-13,-94
20,2.451,-13,-92
20,2.469,-13,-90
20,2.484,-13,-88
20,2.503,-13,-86
20,2.522,-13,-83
20,2.534,-13,-82
20,2.552,-14,-79
20,2.567,-14,-75
20,2.585,-15,-72
20,2.600,-15,-70
20,2.618,-15,-67
20,2.634,-15,-64
20,2.653,-17,-60
20,2.667,-17,-58
20,2.685,-17,-54
20,2.700,-18,-49
20,2.718,-19,-45
20,2.734,-19,-43
20,2.753,-20,-38
20,2.771,-21,-34
20,2.784,-21,-31
20,2.802,-23,-27
20,2.818,-24,-22
20,2.837,-25,-18
20,2.850,-25,-16
20,2.868,-27,-12
20,2.884,-27,-9
20,2.901,-28,-6
20,2.918,-29,-2
20,2.934,-29,0
20,2.950,-30,4
20,2.969,-31,7
20,2.986,-31,10
20,3.000,-31,11
20,3.019,-31,14
20,3.033,-32,17
20,3.051,-32,18
20,3.067,-33,22
20,3.087,-33,25
20,3.101,-33,28
20,3.124,-35,30
20,3.147,-36,35
20,3.166,-37,38
20,3.182,-37,40
20,3.199,-39,43
20,3.216,-39,46
20,3.237,-41,49
20,3.252,-42,52
20,3.273,-43,55
20,3.284,-43,57
20,3.305,-45,60
20,3.318,-45,64
20,3.340,-47,66
20,3.360,-47,69
20,3.381,-48,72
20,3.402,-49,76
20,3.421,-50,79
20,3.434,-50,82
20,3.452,-51,85
20,3.469,-51,87
20,3.487,-51,90
20,3.501,-52,93
20,3.524,-53,97
20,3.550,-54,102
20,3.567,-55,105
20,3.582,-55,107
20,3.599,-57,110
20,3.616,-57,114
20,3.632,-58,117
20,3.649,-59,118
20,3.666,-59,122
20,3.682,-61,124
20,3.701,-61,127
20,3.716,-62,129
20,3.733,-63,132
20,3.749,-63,134
20,3.766,-64,137
20,3.782,-64,138
20,3.799,-65,142
20,3.816,-65,144
20,3.833,-66,146
20,3.849,-66,147
20,3.865,-67,149
20,3.882,-67,151
20,3.899,-67,154
20,3.916,-67,155
20,3.932,-68,158
20,3.949,-68,160
20,3.965,-69,162
20,3.983,-69,164
20,3.999,-69,166
20,4.016,-69,168
20,4.032,-69,170
20,4.049,-69,172
20,4.066,-70,175
20,4.082,-70,178
20,4.099,-70,180
20,4.115,-71,182
20,4.132,-71,184
20,4.149,-71,186
20,4.165,-72,189
20,4.182,-72,190
20,4.199,-73,193
20,4.215,-73,196
20,4.232,-73,198
20,4.249,-73,199
20,4.266,-73,201
20,4.282,-74,203
20,4.299,-75,206
20,4.315,-75,207
20,4.332,-75,209
20,4.349,-75,212
20,4.365,-76,214
20,4.382,-76,215
20,4.399,-77,216
20,4.415,-77,218
20,4.432,-77,220
20,4.449,-77,221
20,4.466,-77,223
20,4.482,-78,225
20,4.498,-78,228
20,4.517,-79,230
20,4.540,-79,232
20,4.550,-79,233
20,4.569,-79,235
20,4.583,-79,236
20,4.601,-79,238
20,4.617,-78,239
20,4.634,-78,240
20,4.650,-78,242
21,0.000,-5,-284
21,0.125,-5,-283
21,0.140,-5,-282
21,0.201,-5,-281
21,0.234,-5,-280
21,0.250,-5,-278
21,0.268,-5,-276
21,0.300,-5,-274
21,0.317,-5,-272
21,0.335,-5,-270
21,0.352,-5,-269
21,0.385,-5,-265
21,0.402,-5,-263
21,0.419,-5,-262
21,0.435,-5,-260
21,0.452,-5,-257
21,0.468,-5,-255
21,0.486,-5,-253
21,0.501,-5,-252
21,0.519,-4,-249
21,0.535,-4,-247
21,0.552,-4,-246
21,0.567,-4,-244
21,0.584,-4,-242
21,0.601,-4,-240
21,0.617,-4,-239
21,0.634,-4,-237
21,0.651,-4,-236
21,0.670,-4,-234
21,0.686,-4,-232
21,0.708,-3,-230
21,0.717,-3,-229
21,0.734,-3,-227
21,0.751,-3,-226
21,0.767,-3,-224
21,0.784,-3,-222
21,0.801,-3,-221
21,0.817,-3,-220
21,0.834,-3,-219
21,0.850,-3,-217
21,0.867,-3,-216
21,0.884,-3,-215
21,0.901,-3,-213
21,0.917,-3,-212
21,0.934,-3,-210
21,0.950,-3,-208
21,0.967,-3,-206
21,0.984,-2,-205
21,1.002,-2,-204
21,1.021,-2,-202
21,1.041,-2,-200
21,1.075,-2,-198
21,1.100,-2,-196
21,1.122,-2,-195
21,1.144,-2,-193
21,1.165,-2,-190
21,1.184,-3,-188
21,1.201,-3,-186
21,1.218,-3,-185
21,1.234,-3,-183
21,1.251,-3,-181
21,1.269,-4,-180
21,1.289,-4,-178
21,1.302,-4,-177
21,1.321,-4,-175
21,1.336,-5,-173
21,1.357,-5,-171
21,1.384,-5,-168
21,1.402,-5,-166
21,1.419,-6,-164
21,1.453,-7,-162
21,1.472,-7,-161
21,1.485,-7,-160
21,1.501,-8,-158
21,1.517,-8,-157
21,1.533,-9,-155
21,1.550,-9,-154
21,1.568,-9,-152
21,1.584,-9,-149
21,1.600,-10,-147
21,1.617,-11,-146
21,1.634,-11,-144
21,1.650,-11,-142
21,1.667,-11,-140
21,1.683,-12,-139
21,1.700,-12,-137
21,1.717,-13,-136
21,1.734,-13,-133
21,1.750,-13,-132
21,1.767,-13,-130
21,1.784,-13,-128
21,1.800,-13,-126
21,1.817,-13,-124
21,1.833,-14,-123
21,1.850,-14,-121
21,1.867,-15,-119
21,1.884,-15,-118
21,1.900,-16,-116
21,1.917,-17,-114
21,1.934,-17,-112
21,1.950,-17,-111
21,1.967,-17,-109
21,1.984,-18,-107
21,2.000,-19,-105
21,2.017,-19,-104
21,2.033,-20,-102
21,2.050,-21,-100
21,2.067,-22,-98
21,2.085,-23,-96
21,2.110,-23,-93
21,2.129,-25,-90
21,2.150,-26,-88
21,2.168,-27,-86
21,2.183,-28,-84
21,2.200,-29,-82
21,2.217,-29,-81
21,2.234,-29,-79
21,2.250,-30,-77
21,2.267,-30,-74
21,2.283,-31,-73
21,2.300,-31,-70
21,2.317,-31,-69
21,2.334,-31,-67
21,2.350,-31,-66
21,2.367,-31,-64
21,2.383,-32,-62
21,2.400,-33,-60
21,2.433,-33,-58
21,2.450,-33,-55
21,2.467,-34,-53
21,2.483,-34,-52
21,2.500,-34,-50
21,2.517,-35,-49
21,2.532,-35,-48
21,2.567,-35,-46
21,2.584,-36,-45
21,2.600,-37,-44
21,2.617,-37,-43
21,2.633,-38,-42
21,2.650,-39,-40
21,2.667,-40,-38
21,2.684,-41,-36
21,2.700,-42,-34
21,2.717,-44,-31
21,2.733,-45,-29
21,2.750,-46,-28
21,2.767,-47,-26
21,2.784,-48,-23
21,2.800,-49,-20
21,2.817,-49,-18
21,2.833,-50,-16
21,2.850,-51,-12
21,2.867,-51,-10
21,2.883,-51,-8
21,2.900,-52,-6
21,2.917,-53,-4
21,2.934,-54,-1
21,2.950,-54,0
21,2.967,-55,3
21,2.984,-55,6
21,3.000,-56,8
21,3.017,-57,8
21,3.033,-57,10
21,3.050,-58,12
21,3.067,-59,14
21,3.100,-59,16
21,3.117,-60,18
21,3.134,-60,20
21,3.168,-61,22
21,3.186,-61,24
21,3.199,-61,26
21,3.232,-62,28
21,3.252,-62,29
21,3.268,-63,30
21,3.284,-63,31
21,3.301,-63,32
21,3.317,-64,34
21,3.334,-64,35
21,3.350,-64,36
21,3.368,-65,38
21,3.384,-65,39
21,3.401,-65,41
21,3.418,-65,42
21,3.434,-65,44
21,3.451,-65,46
21,3.467,-65,48
21,3.484,-65,49
21,3.500,-66,51
21,3.518,-66,53
21,3.534,-65,56
21,3.551,-65,57
21,3.567,-65,60
21,3.587,-66,63
21,3.615,-66,67
21,3.634,-66,70
21,3.651,-66,73
21,3.668,-65,76
21,3.683,-65,78
21,3.700,-65,82
21,3.717,-65,84
21,3.734,-65,87
21,3.750,-65,88
21,3.768,-65,92
21,3.784,-64,95
21,3.801,-64,98
21,3.817,-64,100
21,3.834,-64,103
21,3.851,-64,106
21,3.867,-63,108
21,3.884,-63,110
21,3.900,-63,113
21,3.917,-63,116
21,3.933,-62,120
21,3.951,-62,121
21,3.968,-61,124
21,3.985,-61,126
21,4.000,-60,129
21,4.024,-60,132
21,4.049,-59,136
21,4.068,-59,138
21,4.091,-59,141
21,4.111,-59,143
21,4.130,-58,145
21,4.149,-58,148
21,4.166,-59,150
21,4.184,-59,152
21,4.204,-59,156
21,4.232,-58,159
21,4.251,-58,162
21,4.269,-58,164
21,4.300,-58,166
21,4.318,-58,168
21,4.334,-58,171
21,4.351,-58,172
21,4.367,-57,175
21,4.384,-57,178
21,4.400,-57,180
21,4.418,-57,182
21,4.450,-57,184
21,4.467,-57,186
21,4.484,-57,187
21,4.501,-57,189
21,4.517,-57,192
21,4.534,-57,194
21,4.551,-57,195
21,4.567,-57,197
21,4.584,-57,200
21,4.600,-57,202
21,4.617,-56,202
21,4.634,-56,204
21,4.650,-56,206
21,4.668,-56,208
21,4.684,-55,210
21,4.700,-55,212
21,4.717,-55,215
21,4.733,-55,217
21,4.750,-54,218
21,4.767,-54,220
21,4.784,-53,222
21,4.806,-53,224
21,4.832,-53,228
21,4.850,-53,231
21,4.867,-53,233
21,4.884,-53,234
21,4.900,-52,237
21,4.917,-52,239
21,4.933,-52,240
21,4.950,-52,242
21,4.967,-52,244
21,4.983,-52,246
21,5.000,-51,249
21,5.017,-51,250
21,5.034,-51,252
21,5.050,-51,254
22,0.001,-5,-282
22,0.170,-5,-281
22,0.203,-5,-280
22,0.269,-6,-278
22,0.286,-6,-277
22,0.303,-7,-275
22,0.321,-7,-273
22,0.338,-7,-272
22,0.354,-7,-270
22,0.371,-7,-268
22,0.402,-7,-264
22,0.420,-7,-262
22,0.439,-7,-260
22,0.470,-7,-258
22,0.486,-7,-256
22,0.503,-7,-253
22,0.519,-7,-252
22,0.537,-7,-250
22,0.552,-7,-248
22,0.570,-7,-246
22,0.586,-7,-244
22,0.603,-7,-243
22,0.620,-7,-242
22,0.635,-7,-240
22,0.652,-7,-239
22,0.670,-7,-238
22,0.689,-7,-236
22,0.702,-7,-235
22,0.719,-7,-234
22,0.736,-7,-233
22,0.755,-7,-232
22,0.768,-7,-230
22,0.801,-6,-229
22,0.816,-6,-228
22,0.834,-6,-226
22,0.868,-6,-224
22,0.885,-6,-223
22,0.902,-6,-222
22,0.918,-7,-222
22,0.935,-7,-220
22,0.952,-7,-219
22,0.968,-7,-218
22,0.985,-7,-216
22,1.001,-7,-215
22,1.019,-7,-214
22,1.035,-7,-212
22,1.051,-7,-211
22,1.070,-7,-210
22,1.087,-7,-208
22,1.101,-7,-206
22,1.135,-7,-204
22,1.152,-7,-203
22,1.168,-7,-202
22,1.185,-7,-201
22,1.201,-7,-200
22,1.218,-7,-198
22,1.235,-7,-196
22,1.251,-7,-195
22,1.268,-6,-193
22,1.285,-5,-190
22,1.302,-5,-188
22,1.318,-4,-186
22,1.335,-3,-184
22,1.352,-2,-181
22,1.373,-1,-178
22,1.385,0,-176
22,1.403,1,-173
22,1.418,3,-169
22,1.438,4,-165
22,1.455,5,-162
22,1.469,7,-160
22,1.487,8,-157
22,1.502,11,-153
22,1.522,13,-148
22,1.535,15,-146
22,1.554,19,-142
22,1.569,21,-138
22,1.586,23,-134
22,1.602,25,-132
22,1.620,27,-128
22,1.636,29,-124
22,1.653,31,-122
22,1.669,35,-118
22,1.688,37,-114
22,1.708,40,-111
22,1.718,41,-109
22,1.736,43,-106
22,1.752,47,-102
22,1.769,49,-98
22,1.785,51,-97
22,1.803,54,-93
22,1.819,57,-90
22,1.840,59,-87
22,1.858,61,-84
22,1.870,62,-83
22,1.891,65,-79
22,1.902,66,-78
22,1.921,68,-75
22,1.935,69,-73
22,1.952,72,-70
22,1.968,74,-68
22,1.986,77,-66
22,2.002,77,-64
22,2.030,80,-62
22,2.048,81,-60
22,2.068,83,-57
22,2.088,84,-54
22,2.106,86,-52
22,2.118,87,-51
22,2.137,89,-48
22,2.152,91,-46
22,2.170,93,-44
22,2.185,95,-42
22,2.208,97,-40
22,2.219,98,-39
22,2.237,99,-37
22,2.251,100,-36
22,2.270,101,-32
22,2.285,103,-30
22,2.303,105,-28
22,2.318,107,-26
22,2.337,108,-24
22,2.368,113,-19
22,2.391,115,-16
22,2.402,116,-15
22,2.420,117,-12
22,2.435,119,-10
22,2.453,121,-7
22,2.469,122,-6
22,2.486,125,-2
22,2.502,127,0
22,2.519,130,4
22,2.535,131,5
22,2.553,133,8
22,2.571,135,10
22,2.585,136,11
22,2.602,138,13
22,2.618,139,15
22,2.636,141,18
22,2.652,144,20
22,2.670,145,21
22,2.685,147,24
22,2.705,150,26
22,2.723,153,29
22,2.734,154,30
22,2.750,156,32
22,2.767,158,34
22,2.783,159,36
22,2.799,161,38
22,2.816,163,41
22,2.833,166,44
22,2.849,168,46
22,2.866,171,48
22,2.883,173,50
22,2.900,175,53
22,2.917,177,54
22,2.934,179,57
22,2.950,182,60
22,2.967,185,64
22,2.984,187,65
22,3.000,189,68
22,3.019,193,71
22,3.044,195,76
22,3.065,197,79
22,3.083,200,82
22,3.100,203,85
22,3.117,205,87
22,3.133,208,90
22,3.150,211,92
22,3.167,213,96
22,3.183,214,98
22,3.200,216,100
22,3.217,218,104
22,3.233,221,106
22,3.250,222,108
22,3.269,225,111
22,3.288,228,114
22,3.301,230,116
22,3.319,231,119
22,3.335,232,120
22,3.351,234,123
22,3.367,235,125
22,3.384,236,126
22,3.400,238,129
22,3.418,240,132
22,3.434,242,134
22,3.450,243,135
22,3.467,245,138
22,3.483,247,140
22,3.501,248,142
22,3.517,249,143
22,3.534,251,146
22,3.550,252,148
22,3.567,253,149
22,3.584,253,150
22,3.600,255,152
22,3.618,256,155
22,3.634,257,157
22,3.651,257,158
22,3.667,259,160
22,3.684,261,163
22,3.701,262,165
22,3.717,263,166
22,3.735,265,168
22,3.751,266,170
22,3.767,267,172
22,3.783,268,173
22,3.800,269,175
22,3.817,270,177
22,3.834,271,179
22,3.851,272,180
22,3.866,273,182
22,3.882,273,184
22,3.899,274,186
22,3.915,275,186
22,3.932,275,188
22,3.949,276,190
22,3.966,277,192
22,3.982,277,194
22,3.999,278,196
22,4.016,279,198
22,4.032,279,200
22,4.049,280,200
22,4.066,281,202
22,4.082,282,204
22,4.099,283,206
22,4.116,284,207
22,4.132,285,209
22,4.149,286,211
22,4.166,287,213
22,4.182,287,214
22,4.199,288,216
22,4.216,289,218
22,4.233,290,220
22,4.267,291,222
22,4.287,292,224
22,4.300,293,226
22,4.316,293,227
22,4.333,293,229
22,4.350,294,231
22,4.367,295,233
22,4.384,295,234
22,4.401,296,236
22,4.417,297,238
22,4.435,299,240
22,4.450,299,241
22,4.468,300,243
22,4.486,301,244
22,4.501,301,246
22,4.521,303,246
23,0.001,-6,-280
23,0.153,-6,-278
23,0.202,-6,-277
23,0.218,-6,-276
23,0.235,-6,-275
23,0.252,-6,-274
23,0.268,-6,-272
23,0.285,-5,-270
23,0.303,-5,-268
23,0.334,-5,-264
23,0.352,-5,-262
23,0.369,-4,-260
23,0.385,-4,-258
23,0.402,-4,-256
23,0.419,-3,-253
23,0.436,-3,-250
23,0.451,-3,-249
23,0.470,-2,-246
23,0.485,-2,-244
23,0.503,-1,-242
23,0.518,-1,-240
23,0.535,-1,-238
23,0.552,-1,-236
23,0.568,-1,-234
23,0.585,-1,-233
23,0.602,-1,-231
23,0.619,-1,-229
23,0.635,0,-228
23,0.652,0,-227
23,0.668,0,-225
23,0.685,0,-224
23,0.702,1,-222
23,0.735,1,-221
23,0.752,1,-220
23,0.769,1,-219
23,0.784,1,-218
23,0.801,1,-217
23,0.817,1,-216
23,0.834,1,-215
23,0.851,1,-214
23,0.867,1,-213
23,0.884,1,-212
23,0.901,1,-210
23,0.917,1,-209
23,0.934,1,-208
23,0.952,0,-206
23,0.970,0,-204
23,0.984,0,-203
23,1.001,-1,-201
23,1.017,-2,-199
23,1.034,-3,-197
23,1.051,-3,-196
23,1.067,-5,-194
23,1.084,-5,-192
23,1.101,-7,-189
23,1.117,-7,-188
23,1.134,-8,-186
23,1.151,-9,-183
23,1.167,-11,-181
23,1.184,-11,-180
23,1.201,-13,-177
23,1.217,-15,-174
23,1.233,-16,-171
23,1.250,-17,-170
23,1.267,-19,-167
23,1.283,-22,-164
23,1.300,-25,-161
23,1.317,-26,-159
23,1.333,-28,-156
23,1.352,-29,-154
23,1.369,-31,-152
23,1.385,-34,-146
23,1.404,-35,-144
23,1.432,-41,-138
23,1.450,-43,-136
23,1.466,-46,-132
23,1.483,-48,-130
23,1.499,-49,-127
23,1.516,-51,-126
23,1.533,-53,-124
23,1.550,-55,-122
23,1.566,-56,-120
23,1.585,-58,-118
23,1.602,-60,-116
23,1.620,-62,-114
23,1.650,-65,-112
23,1.669,-67,-109
23,1.685,-68,-107
23,1.703,-71,-104
23,1.718,-72,-103
23,1.737,-75,-100
23,1.752,-79,-97
23,1.769,-82,-94
23,1.786,-85,-90
23,1.805,-88,-87
23,1.833,-94,-82
23,1.851,-96,-80
23,1.870,-100,-76
23,1.900,-107,-68
23,1.918,-109,-66
23,1.935,-114,-61
23,1.953,-119,-57
23,1.969,-123,-53
23,1.988,-127,-48
23,2.002,-129,-46
23,2.019,-135,-41
23,2.034,-140,-36
23,2.053,-145,-30
23,2.069,-147,-28
23,2.084,-153,-22
23,2.102,-159,-17
23,2.118,-163,-12
23,2.135,-166,-10
23,2.151,-171,-4
23,2.168,-173,-2
23,2.185,-177,3
23,2.203,-181,7
23,2.218,-185,12
23,2.242,-191,16
23,2.260,-195,21
23,2.282,-201,28
23,2.301,-205,32
23,2.318,-207,34
23,2.335,-211,38
23,2.352,-216,42
23,2.368,-219,46
23,2.385,-221,48
23,2.401,-224,52
23,2.422,-228,57
23,2.440,-231,61
23,2.452,-233,63
23,2.476,-238,69
23,2.484,-239,71
23,2.501,-241,74
23,2.518,-241,76
23,2.536,-243,80
23,2.550,-246,84
23,2.566,-249,87
23,2.583,-250,89
23,2.600,-253,92
23,2.616,-255,95
23,2.633,-257,98
23,2.649,-258,99
23,2.666,-259,101
23,2.682,-260,104
23,2.700,-262,106
23,2.716,-263,107
23,2.732,-264,110
23,2.749,-266,112
23,2.766,-267,114
23,2.782,-268,115
23,2.799,-270,118
23,2.816,-271,120
23,2.833,-273,121
23,2.849,-273,122
23,2.866,-275,124
23,2.882,-276,126
23,2.899,-277,128
23,2.916,-277,129
23,2.932,-278,130
23,2.949,-279,132
23,2.984,-279,134
23,3.005,-279,136
23,3.018,-280,136
23,3.035,-280,138
23,3.068,-281,139
23,3.085,-281,140
23,3.104,-281,141
23,3.127,-282,142
23,3.150,-283,144
23,3.168,-283,145
23,3.185,-283,146
23,3.201,-284,146
23,3.220,-285,148
23,3.252,-286,150
23,3.268,-287,150
23,3.285,-287,151
23,3.302,-287,152
23,3.318,-288,153
23,3.351,-289,154
23,3.384,-289,155
23,3.404,-289,156
23,3.435,-290,157
23,3.478,-291,158
23,3.495,-291,159
23,3.516,-291,160
23,3.535,-292,160
23,3.553,-293,161
23,3.567,-293,162
23,3.620,-293,163
23,3.634,-293,164
23,3.668,-294,164
23,3.701,-294,165
23,3.718,-294,166
23,3.752,-295,167
23,3.770,-295,168
23,3.819,-295,169
23,3.848,-295,170
23,3.866,-294,170
23,3.883,-294,171
23,3.900,-294,172
23,3.917,-294,173
23,3.937,-294,174
23,3.966,-295,175
23,3.984,-295,176
23,4.019,-295,177
23,4.034,-295,178
23,4.052,-296,179
23,4.085,-297,180
23,4.118,-297,181
23,4.134,-298,182
23,4.155,-299,182
23,4.184,-299,183
23,4.203,-301,184
23,4.235,-303,186
23,4.251,-304,186
23,4.272,-305,187
23,4.284,-305,188
23,4.302,-307,188
23,4.317,-307,190
23,4.336,-308,190
23,4.351,-309,190
23,4.370,-310,192
23,4.399,-311,192
23,4.417,-312,194
23,4.434,-313,195
23,4.451,-314,196
23,4.468,-315,196
23,4.492,-316,198
23,4.515,-317,199
23,4.534,-317,200
23,4.553,-318,202
23,4.567,-319,202
23,4.585,-319,204
23,4.618,-320,206
23,4.635,-321,207
23,4.650,-321,208
23,4.668,-322,209
23,4.684,-323,210
23,4.702,-324,212
23,4.717,-325,212
23,4.735,-325,213
23,4.750,-326,214
23,4.769,-327,216
23,4.802,-328,218
23,4.820,-329,220
23,4.834,-330,223
23,4.869,-331,226
23,4.885,-331,228
23,4.900,-331,230
23,4.917,-331,231
23,4.934,-331,233
23,4.951,-331,235
23,4.967,-331,236
23,4.985,-331,238
23,5.001,-331,239
23,5.018,-331,241
23,5.032,-330,242
23,5.049,-330,244
23,5.082,-329,245
24,0.000,-4,-282
24,0.169,-4,-281
24,0.186,-4,-280
24,0.236,-5,-279
24,0.254,-5,-278
24,0.270,-5,-276
24,0.301,-5,-274
24,0.318,-5,-272
24,0.335,-5,-271
24,0.351,-5,-270
24,0.368,-5,-269
24,0.400,-5,-266
24,0.417,-5,-265
24,0.433,-5,-264
24,0.450,-6,-262
24,0.467,-6,-260
24,0.500,-7,-258
24,0.517,-7,-256
24,0.536,-7,-254
24,0.552,-7,-253
24,0.574,-7,-251
24,0.594,-7,-250
24,0.617,-7,-248
24,0.636,-7,-246
24,0.653,-7,-244
24,0.668,-7,-243
24,0.683,-7,-242
24,0.700,-7,-241
24,0.717,-7,-240
24,0.733,-7,-239
24,0.750,-7,-238
24,0.767,-7,-237
24,0.783,-7,-236
24,0.800,-7,-235
24,0.817,-7,-234
24,0.851,-7,-232
24,0.868,-7,-231
24,0.902,-7,-230
24,0.918,-7,-229
24,0.939,-7,-228
24,0.952,-7,-227
24,0.970,-7,-226
24,0.985,-7,-224
24,1.005,-7,-223
24,1.022,-7,-222
24,1.035,-8,-221
24,1.055,-8,-220
24,1.068,-8,-218
24,1.086,-9,-218
24,1.102,-9,-216
24,1.121,-9,-214
24,1.134,-9,-213
24,1.153,-9,-212
24,1.168,-9,-211
24,1.186,-10,-209
24,1.201,-10,-207
24,1.218,-10,-206
24,1.234,-11,-204
24,1.252,-11,-202
24,1.268,-11,-201
24,1.284,-11,-200
24,1.302,-11,-199
24,1.317,-12,-198
24,1.334,-12,-196
24,1.369,-13,-194
24,1.384,-13,-193
24,1.403,-13,-192
24,1.417,-13,-191
24,1.438,-14,-189
24,1.458,-14,-188
24,1.468,-15,-187
24,1.487,-15,-186
24,1.501,-15,-185
24,1.520,-15,-184
24,1.534,-16,-183
24,1.552,-17,-182
24,1.567,-17,-181
24,1.585,-17,-180
24,1.601,-19,-179
24,1.618,-19,-178
24,1.634,-20,-178
24,1.653,-21,-176
24,1.670,-22,-176
24,1.685,-23,-174
24,1.703,-24,-174
24,1.718,-25,-173
24,1.735,-25,-172
24,1.751,-26,-171
24,1.770,-27,-170
24,1.802,-27,-168
24,1.818,-28,-168
24,1.850,-29,-166
24,1.871,-30,-164
24,1.892,-31,-163
24,1.902,-31,-162
24,1.934,-31,-161
24,1.952,-31,-160
24,1.968,-32,-159
24,1.989,-33,-158
24,2.001,-33,-157
24,2.020,-33,-156
24,2.034,-34,-155
24,2.060,-35,-153
24,2.077,-36,-151
24,2.098,-37,-150
24,2.117,-37,-148
24,2.134,-39,-147
24,2.150,-39,-146
24,2.166,-40,-145
24,2.183,-41,-144
24,2.200,-42,-142
24,2.216,-43,-142
24,2.233,-44,-141
24,2.250,-45,-140
24,2.267,-46,-139
24,2.284,-47,-138
24,2.302,-47,-137
24,2.318,-47,-136
24,2.334,-48,-136
24,2.352,-49,-134
24,2.385,-49,-133
24,2.401,-49,-132
24,2.421,-50,-130
24,2.434,-51,-128
24,2.456,-51,-127
24,2.474,-52,-126
24,2.483,-53,-125
24,2.499,-53,-124
24,2.516,-54,-123
24,2.533,-55,-122
24,2.549,-57,-120
24,2.566,-59,-118
24,2.583,-60,-118
24,2.600,-61,-116
24,2.616,-63,-115
24,2.633,-63,-113
24,2.649,-64,-112
24,2.666,-65,-110
24,2.684,-67,-109
24,2.702,-67,-107
24,2.717,-68,-106
24,2.736,-69,-104
24,2.756,-70,-102
24,2.768,-72,-100
24,2.785,-73,-99
24,2.801,-75,-96
24,2.824,-77,-93
24,2.834,-78,-92
24,2.853,-79,-90
24,2.867,-81,-89
24,2.884,-82,-87
24,2.901,-84,-84
24,2.919,-85,-82
24,2.935,-86,-82
24,2.950,-87,-80
24,2.968,-87,-78
24,2.984,-88,-76
24,3.001,-89,-74
24,3.017,-89,-71
24,3.034,-91,-69
24,3.050,-91,-68
24,3.069,-92,-66
24,3.084,-93,-64
24,3.102,-95,-62
24,3.119,-97,-60
24,3.141,-97,-58
24,3.159,-99,-56
24,3.182,-99,-54
24,3.203,-101,-52
24,3.221,-102,-50
24,3.233,-103,-48
24,3.252,-104,-46
24,3.267,-105,-44
24,3.285,-106,-42
24,3.300,-107,-38
24,3.319,-109,-36
24,3.333,-109,-34
24,3.349,-111,-30
24,3.366,-112,-28
24,3.382,-114,-24
24,3.399,-117,-20
24,3.416,-118,-17
24,3.432,-119,-16
24,3.449,-121,-12
24,3.466,-123,-10
24,3.483,-124,-6
24,3.499,-125,-5
24,3.516,-126,-2
24,3.533,-127,0
24,3.549,-129,4
24,3.566,-129,5
24,3.582,-131,8
24,3.599,-133,11
24,3.616,-135,14
24,3.632,-136,16
24,3.649,-138,18
24,3.666,-140,21
24,3.684,-141,24
24,3.701,-143,26
24,3.721,-145,29
24,3.734,-145,30
24,3.754,-147,33
24,3.772,-148,35
24,3.785,-149,36
24,3.801,-151,39
24,3.819,-153,42
24,3.847,-156,46
24,3.866,-158,48
24,3.882,-160,50
24,3.899,-161,52
24,3.915,-162,54
24,3.932,-163,56
24,3.950,-163,58
24,3.970,-165,60
24,3.984,-165,61
24,4.002,-165,64
24,4.021,-167,66
24,4.033,-167,68
24,4.057,-169,71
24,4.067,-170,72
24,4.085,-171,75
24,4.101,-173,78
24,4.118,-174,79
24,4.133,-176,82
24,4.152,-178,84
24,4.167,-180,87
24,4.184,-181,88
24,4.201,-182,90
24,4.222,-183,93
24,4.239,-183,95
24,4.250,-184,96
24,4.267,-185,99
24,4.284,-187,102
24,4.302,-189,104
24,4.317,-190,106
24,4.334,-193,109
24,4.350,-195,112
24,4.368,-197,114
24,4.383,-198,116
24,4.402,-200,118
24,4.417,-201,121
24,4.437,-203,124
24,4.454,-205,126
24,4.468,-206,128
24,4.485,-209,131
24,4.501,-211,134
24,4.519,-213,136
24,4.534,-214,138
24,4.552,-217,140
24,4.567,-219,142
24,4.584,-219,144
24,4.601,-221,146
24,4.621,-221,148
24,4.640,-223,150
24,4.667,-224,152
24,4.686,-225,154
24,4.704,-225,156
24,4.716,-226,158
24,4.734,-227,160
24,4.750,-227,162
24,4.767,-229,164
24,4.783,-229,165
24,4.801,-231,167
24,4.818,-232,169
24,4.835,-233,170
24,4.849,-234,171
24,4.866,-235,173
24,4.882,-236,175
24,4.899,-237,176
24,4.917,-237,177
24,4.933,-239,179
24,4.952,-239,180
24,4.967,-240,182
24,5.000,-241,184
24,5.018,-241,186
24,5.033,-241,187
24,5.056,-242,188
24,5.073,-243,190
24,5.098,-243,192
24,5.130,-243,194
24,5.149,-244,196
24,5.165,-244,197
24,5.182,-245,198
24,5.215,-245,200
24,5.248,-246,201
24,5.265,-247,202
24,5.282,-247,204
24,5.299,-248,205
24,5.315,-248,206
24,5.332,-249,207
24,5.349,-249,208
24,5.365,-249,209
24,5.383,-250,210
24,5.400,-251,212
24,5.419,-251,214
24,5.440,-252,216
24,5.465,-253,218
24,5.486,-253,220
24,5.503,-253,221
24,5.539,-254,224
24,5.559,-254,226
24,5.581,-253,229
24,5.604,-253,231
24,5.629,-252,234
24,5.648,-251,236
24,5.665,-251,238
24,5.681,-250,240
24,5.714,-250,242
24,5.731,-249,244
24,5.748,-249,246
25,0.000,-1,-282
25,0.087,-1,-280
25,0.285,-1,-279
25,0.335,-1,-278
25,0.402,-2,-278
25,0.420,-2,-276
25,0.452,-3,-275
25,0.468,-3,-274
25,0.485,-3,-272
25,0.522,-3,-270
25,0.535,-3,-268
25,0.567,-4,-266
25,0.584,-4,-264
25,0.601,-4,-263
25,0.617,-4,-262
25,0.633,-5,-260
25,0.650,-5,-258
25,0.667,-5,-257
25,0.683,-5,-256
25,0.700,-5,-254
25,0.717,-5,-252
25,0.734,-5,-250
25,0.750,-5,-249
25,0.767,-5,-248
25,0.785,-5,-246
25,0.804,-5,-244
25,0.822,-5,-242
25,0.833,-5,-241
25,0.850,-6,-240
25,0.867,-6,-238
25,0.903,-7,-236
25,0.923,-7,-234
25,0.944,-7,-232
25,0.967,-7,-230
25,0.987,-7,-229
25,1.005,-7,-227
25,1.018,-7,-226
25,1.036,-8,-224
25,1.052,-8,-222
25,1.075,-9,-218
25,1.100,-9,-217
25,1.117,-9,-215
25,1.134,-10,-213
25,1.151,-10,-211
25,1.168,-10,-210
25,1.185,-10,-207
25,1.201,-10,-205
25,1.217,-10,-204
25,1.234,-10,-202
25,1.251,-11,-199
25,1.268,-11,-198
25,1.284,-11,-196
25,1.301,-11,-194
25,1.317,-11,-192
25,1.334,-11,-189
25,1.350,-11,-188
25,1.367,-11,-186
25,1.385,-11,-184
25,1.402,-11,-181
25,1.418,-11,-180
25,1.435,-11,-178
25,1.452,-11,-176
25,1.468,-11,-174
25,1.485,-12,-172
25,1.503,-12,-170
25,1.518,-12,-169
25,1.536,-12,-166
25,1.552,-13,-165
25,1.569,-13,-164
25,1.585,-13,-162
25,1.603,-13,-161
25,1.619,-13,-160
25,1.636,-13,-158
25,1.668,-13,-156
25,1.686,-13,-154
25,1.702,-13,-152
25,1.736,-13,-150
25,1.753,-13,-148
25,1.768,-13,-146
25,1.801,-14,-144
25,1.822,-14,-142
25,1.850,-14,-140
25,1.868,-15,-139
25,1.886,-15,-137
25,1.905,-15,-136
25,1.918,-15,-135
25,1.935,-16,-133
25,1.951,-16,-131
25,1.970,-17,-129
25,1.984,-17,-128
25,2.003,-17,-126
25,2.018,-17,-124
25,2.036,-18,-123
25,2.051,-18,-122
25,2.069,-19,-120
25,2.086,-20,-118
25,2.102,-21,-116
25,2.120,-21,-115
25,2.135,-23,-112
25,2.153,-23,-110
25,2.168,-24,-109
25,2.185,-25,-107
25,2.201,-27,-105
25,2.219,-28,-102
25,2.235,-29,-100
25,2.253,-30,-98
25,2.276,-31,-94
25,2.300,-32,-91
25,2.318,-33,-87
25,2.337,-35,-84
25,2.351,-37,-80
25,2.368,-40,-76
25,2.385,-41,-73
25,2.408,-45,-66
25,2.432,-46,-62
25,2.451,-47,-58
25,2.469,-49,-53
25,2.484,-49,-50
25,2.503,-51,-46
25,2.523,-51,-42
25,2.535,-52,-40
25,2.553,-53,-36
25,2.568,-55,-33
25,2.585,-55,-31
25,2.601,-57,-28
25,2.620,-59,-24
25,2.635,-61,-21
25,2.654,-63,-18
25,2.668,-63,-17
25,2.686,-65,-14
25,2.704,-67,-11
25,2.718,-67,-10
25,2.738,-68,-6
25,2.751,-69,-6
25,2.769,-69,-4
25,2.785,-71,-1
25,2.807,-72,1
25,2.819,-72,2
25,2.838,-73,5
25,2.851,-74,6
25,2.869,-75,8
25,2.885,-77,11
25,2.904,-78,13
25,2.924,-80,15
25,2.933,-81,16
25,2.950,-82,19
25,2.966,-83,21
25,2.983,-83,22
25,3.000,-85,25
25,3.016,-86,28
25,3.033,-87,30
25,3.050,-87,32
25,3.066,-89,34
25,3.083,-90,37
25,3.100,-91,40
25,3.117,-91,42
25,3.133,-92,45
25,3.150,-93,48
25,3.166,-95,50
25,3.183,-95,52
25,3.200,-97,54
25,3.216,-98,57
25,3.234,-99,60
25,3.251,-100,62
25,3.271,-103,66
25,3.285,-103,68
25,3.308,-104,70
25,3.325,-105,72
25,3.335,-105,74
25,3.351,-107,77
25,3.373,-107,80
25,3.390,-107,82
25,3.401,-108,84
25,3.418,-109,87
25,3.434,-109,90
25,3.452,-111,92
25,3.468,-111,94
25,3.486,-113,97
25,3.501,-115,100
25,3.518,-115,102
25,3.534,-117,104
25,3.553,-119,107
25,3.571,-120,110
25,3.586,-121,112
25,3.603,-122,114
25,3.617,-123,118
25,3.635,-124,120
25,3.651,-125,122
25,3.669,-125,124
25,3.684,-125,127
25,3.704,-126,130
25,3.718,-126,134
25,3.741,-127,137
25,3.759,-127,141
25,3.769,-127,142
25,3.785,-127,145
25,3.800,-127,146
25,3.818,-128,150
25,3.834,-128,153
25,3.852,-129,156
25,3.867,-129,158
25,3.886,-129,161
25,3.901,-129,164
25,3.918,-129,165
25,3.935,-130,168
25,3.957,-131,172
25,3.982,-133,176
25,4.001,-133,178
25,4.020,-134,181
25,4.039,-134,184
25,4.051,-135,184
25,4.072,-135,188
25,4.084,-136,190
25,4.105,-136,192
25,4.117,-136,194
25,4.135,-137,196
25,4.151,-137,198
25,4.168,-137,200
25,4.184,-137,202
25,4.205,-137,204
25,4.228,-137,206
25,4.251,-138,210
25,4.273,-138,212
25,4.292,-138,214
25,4.316,-139,217
25,4.334,-139,219
25,4.352,-139,221
25,4.373,-139,223
25,4.397,-139,226
25,4.416,-139,228
25,4.433,-139,230
25,4.449,-139,231
25,4.466,-139,233
25,4.483,-139,235
25,4.499,-139,237
25,4.516,-139,238
25,4.533,-139,239
25,4.549,-139,240
25,4.566,-138,242
25,4.599,-137,242
26,0.001,-3,-281
26,0.118,-3,-280
26,0.168,-3,-279
26,0.185,-3,-278
26,0.218,-3,-277
26,0.235,-3,-276
26,0.251,-3,-274
26,0.268,-3,-272
26,0.284,-3,-271
26,0.301,-3,-269
26,0.333,-3,-265
26,0.350,-3,-264
26,0.367,-3,-262
26,0.383,-3,-260
26,0.417,-4,-258
26,0.434,-4,-256
26,0.450,-4,-253
26,0.466,-4,-251
26,0.483,-4,-250
26,0.500,-4,-248
26,0.517,-4,-246
26,0.534,-4,-244
26,0.550,-4,-242
26,0.567,-4,-241
26,0.584,-4,-239
26,0.600,-4,-238
26,0.617,-4,-237
26,0.635,-4,-236
26,0.656,-4,-234
26,0.668,-4,-232
26,0.689,-4,-231
26,0.707,-4,-230
26,0.738,-4,-228
26,0.768,-5,-226
26,0.784,-5,-225
26,0.800,-5,-224
26,0.817,-5,-223
26,0.834,-6,-222
26,0.850,-6,-220
26,0.867,-7,-219
26,0.883,-7,-218
26,0.900,-8,-217
26,0.917,-9,-216
26,0.933,-9,-214
26,0.967,-10,-212
26,0.984,-10,-211
26,1.001,-11,-209
26,1.020,-11,-207
26,1.035,-11,-206
26,1.054,-12,-204
26,1.069,-13,-202
26,1.089,-13,-201
26,1.101,-13,-200
26,1.121,-15,-197
26,1.142,-17,-194
26,1.152,-17,-192
26,1.168,-18,-191
26,1.185,-19,-188
26,1.206,-21,-186
26,1.218,-23,-184
26,1.236,-24,-182
26,1.251,-25,-180
26,1.269,-27,-177
26,1.285,-29,-174
26,1.303,-29,-172
26,1.318,-30,-170
26,1.336,-31,-168
26,1.351,-32,-165
26,1.367,-33,-164
26,1.383,-35,-161
26,1.400,-38,-158
26,1.417,-41,-154
26,1.433,-43,-153
26,1.450,-45,-150
26,1.467,-47,-146
26,1.483,-49,-143
26,1.500,-51,-141
26,1.517,-53,-138
26,1.533,-57,-134
26,1.550,-61,-130
26,1.566,-64,-125
26,1.583,-66,-123
26,1.600,-69,-119
26,1.616,-73,-114
26,1.633,-78,-108
26,1.650,-80,-106
26,1.666,-85,-101
26,1.683,-87,-96
26,1.700,-91,-92
26,1.716,-92,-90
26,1.733,-96,-85
26,1.750,-100,-81
26,1.767,-103,-77
26,1.783,-104,-75
26,1.800,-106,-72
26,1.817,-108,-68
26,1.833,-110,-64
26,1.849,-111,-62
26,1.866,-114,-59
26,1.883,-117,-56
26,1.899,-119,-52
26,1.916,-121,-51
26,1.933,-123,-48
26,1.949,-125,-45
26,1.966,-126,-42
26,1.983,-127,-40
26,1.999,-129,-38
26,2.016,-131,-34
26,2.032,-134,-31
26,2.049,-135,-30
26,2.066,-139,-26
26,2.082,-141,-24
26,2.099,-143,-21
26,2.116,-143,-20
26,2.133,-145,-17
26,2.151,-147,-14
26,2.169,-148,-12
26,2.184,-149,-10
26,2.202,-152,-8
26,2.218,-155,-5
26,2.239,-157,-3
26,2.266,-159,0
26,2.285,-161,2
26,2.301,-162,4
26,2.318,-163,5
26,2.334,-164,7
26,2.353,-165,9
26,2.367,-166,11
26,2.385,-167,14
26,2.400,-168,14
26,2.419,-169,17
26,2.434,-171,19
26,2.451,-171,20
26,2.474,-173,23
26,2.485,-174,24
26,2.502,-176,26
26,2.517,-177,27
26,2.535,-178,30
26,2.551,-179,32
26,2.569,-181,34
26,2.584,-181,35
26,2.607,-183,38
26,2.628,-183,40
26,2.649,-183,42
26,2.668,-184,44
26,2.685,-185,46
26,2.700,-185,48
26,2.718,-187,50
26,2.735,-187,52
26,2.753,-188,53
26,2.767,-189,55
26,2.785,-190,57
26,2.800,-191,58
26,2.819,-191,60
26,2.834,-193,60
26,2.851,-193,61
26,2.867,-194,62
26,2.886,-195,64
26,2.905,-195,66
26,2.918,-196,66
26,2.935,-197,68
26,2.950,-198,69
26,2.969,-199,70
26,2.984,-199,71
26,3.001,-199,72
26,3.017,-200,73
26,3.035,-201,74
26,3.050,-201,75
26,3.068,-201,76
26,3.084,-201,77
26,3.109,-202,79
26,3.127,-203,80
26,3.148,-203,82
26,3.172,-203,83
26,3.188,-204,84
26,3.200,-204,85
26,3.222,-205,86
26,3.234,-205,88
26,3.265,-207,90
26,3.284,-209,92
26,3.301,-210,94
26,3.320,-211,95
26,3.338,-213,96
26,3.351,-213,98
26,3.368,-215,99
26,3.383,-215,100
26,3.401,-217,102
26,3.417,-219,104
26,3.437,-220,106
26,3.450,-221,107
26,3.469,-222,109
26,3.484,-224,111
26,3.508,-226,114
26,3.525,-228,116
26,3.549,-231,120
26,3.571,-233,122
26,3.588,-235,124
26,3.600,-236,125
26,3.618,-238,127
26,3.634,-239,128
26,3.651,-239,130
26,3.667,-240,131
26,3.685,-241,132
26,3.700,-242,134
26,3.717,-242,135
26,3.733,-243,137
26,3.755,-243,138
26,3.781,-245,141
26,3.800,-246,142
26,3.817,-247,144
26,3.837,-249,146
26,3.851,-250,148
26,3.867,-251,148
26,3.884,-252,150
26,3.903,-253,152
26,3.917,-253,153
26,3.935,-254,154
26,3.950,-255,156
26,3.969,-255,158
26,3.987,-256,160
26,4.001,-256,161
26,4.020,-257,162
26,4.033,-257,164
26,4.053,-258,166
26,4.086,-259,168
26,4.100,-259,170
26,4.122,-259,172
26,4.140,-259,174
26,4.150,-260,174
26,4.167,-260,176
26,4.185,-261,178
26,4.206,-261,180
26,4.217,-261,181
26,4.235,-262,183
26,4.250,-262,184
26,4.267,-263,186
26,4.284,-263,189
26,4.301,-263,192
26,4.316,-263,193
26,4.334,-264,196
26,4.350,-264,198
26,4.369,-265,201
26,4.390,-265,204
26,4.416,-266,208
26,4.434,-267,210
26,4.451,-267,212
26,4.467,-267,214
26,4.487,-267,216
26,4.501,-268,218
26,4.516,-268,220
26,4.532,-268,222
26,4.552,-268,224
26,4.565,-268,227
26,4.582,-268,228
26,4.599,-267,232
26,4.616,-266,236
26,4.634,-265,240
26,4.650,-265,243
26,4.665,-264,245
26,4.682,-263,248
26,4.699,-263,251
26,4.715,-263,252
27,0.000,-7,-282
27,0.151,-7,-280
27,0.217,-7,-279
27,0.234,-7,-278
27,0.250,-7,-276
27,0.267,-7,-275
27,0.284,-7,-273
27,0.301,-7,-271
27,0.318,-7,-268
27,0.350,-8,-264
27,0.368,-8,-261
27,0.385,-9,-258
27,0.401,-9,-257
27,0.418,-9,-254
27,0.434,-9,-252
27,0.451,-9,-250
27,0.468,-9,-248
27,0.484,-9,-246
27,0.501,-9,-244
27,0.518,-9,-242
27,0.534,-10,-240
27,0.552,-10,-239
27,0.569,-10,-238
27,0.584,-10,-236
27,0.617,-10,-234
27,0.650,-10,-232
27,0.684,-10,-231
27,0.701,-10,-230
27,0.734,-10,-229
27,0.751,-10,-228
27,0.767,-10,-226
27,0.800,-10,-225
27,0.817,-10,-224
27,0.834,-10,-222
27,0.850,-11,-222
27,0.867,-11,-221
27,0.884,-11,-220
27,0.900,-11,-219
27,0.917,-11,-218
27,0.934,-11,-217
27,0.950,-11,-216
27,0.967,-11,-214
27,0.984,-11,-213
27,1.000,-11,-212
27,1.017,-11,-210
27,1.034,-11,-208
27,1.050,-11,-206
27,1.068,-11,-205
27,1.084,-10,-202
27,1.101,-10,-200
27,1.117,-9,-198
27,1.134,-9,-196
27,1.150,-8,-193
27,1.167,-7,-190
27,1.184,-6,-187
27,1.200,-5,-185
27,1.217,-4,-182
27,1.234,-3,-178
27,1.250,-1,-175
27,1.267,-1,-174
27,1.283,1,-170
27,1.300,3,-166
27,1.319,4,-163
27,1.336,5,-160
27,1.360,7,-156
27,1.380,8,-152
27,1.402,11,-147
27,1.426,12,-144
27,1.451,15,-139
27,1.474,17,-136
27,1.500,19,-131
27,1.518,21,-128
27,1.539,23,-125
27,1.563,24,-122
27,1.583,25,-119
27,1.600,27,-118
27,1.617,28,-115
27,1.634,29,-112
27,1.651,31,-109
27,1.667,32,-108
27,1.683,34,-106
27,1.700,36,-103
27,1.722,37,-101
27,1.736,38,-100
27,1.756,40,-97
27,1.778,41,-94
27,1.800,42,-92
27,1.827,43,-88
27,1.848,45,-86
27,1.869,47,-83
27,1.884,47,-82
27,1.900,49,-80
27,1.917,51,-78
27,1.933,51,-76
27,1.950,53,-74
27,1.967,55,-72
27,1.984,56,-70
27,2.000,57,-69
27,2.017,59,-67
27,2.033,60,-66
27,2.050,61,-64
27,2.067,61,-63
27,2.083,63,-62
27,2.100,63,-60
27,2.117,65,-58
27,2.133,65,-57
27,2.150,66,-55
27,2.167,67,-53
27,2.183,69,-52
27,2.200,69,-51
27,2.217,71,-49
27,2.233,73,-48
27,2.250,74,-46
27,2.267,75,-46
27,2.283,77,-44
27,2.300,78,-42
27,2.316,79,-42
27,2.335,80,-40
27,2.372,81,-38
27,2.386,81,-36
27,2.406,83,-35
27,2.427,83,-33
27,2.450,85,-30
27,2.471,86,-29
27,2.484,87,-27
27,2.500,89,-25
27,2.516,91,-23
27,2.533,91,-22
27,2.550,93,-20
27,2.567,95,-18
27,2.583,96,-16
27,2.600,97,-15
27,2.617,98,-13
27,2.633,99,-10
27,2.650,100,-8
27,2.666,101,-8
27,2.683,102,-6
27,2.700,103,-3
27,2.716,105,0
27,2.739,106,2
27,2.752,107,4
27,2.773,109,6
27,2.786,111,10
27,2.806,113,12
27,2.816,114,14
27,2.833,115,16
27,2.850,117,19
27,2.866,117,21
27,2.883,119,24
27,2.900,120,28
27,2.916,122,30
27,2.933,123,32
27,2.951,126,36
27,2.967,129,41
27,2.983,131,45
27,3.000,133,47
27,3.016,136,51
27,3.033,138,54
27,3.050,140,59
27,3.068,143,64
27,3.093,146,68
27,3.116,149,72
27,3.135,153,77
27,3.160,155,81
27,3.178,157,84
27,3.197,159,87
27,3.216,161,90
27,3.233,163,93
27,3.249,165,96
27,3.266,166,97
27,3.283,168,100
27,3.299,170,102
27,3.316,173,105
27,3.333,173,106
27,3.349,175,109
27,3.367,177,112
27,3.383,179,114
27,3.400,180,115
27,3.416,182,118
27,3.433,184,121
27,3.450,186,123
27,3.466,187,124
27,3.483,189,126
27,3.500,191,128
27,3.521,193,130
27,3.533,193,131
27,3.550,195,133
27,3.567,195,135
27,3.583,197,138
27,3.601,198,140
27,3.616,198,141
27,3.633,199,143
27,3.650,201,145
27,3.667,202,146
27,3.683,203,148
27,3.699,205,150
27,3.716,207,152
27,3.733,207,153
27,3.750,209,155
27,3.766,211,157
27,3.783,212,160
27,3.800,213,160
27,3.823,215,163
27,3.848,215,165
27,3.866,217,167
27,3.883,218,169
27,3.899,219,170
27,3.916,220,172
27,3.933,220,173
27,3.950,221,174
27,3.966,221,176
27,3.983,222,178
27,3.999,223,179
27,4.016,223,180
27,4.033,224,182
27,4.049,225,183
27,4.066,225,184
27,4.083,227,185
27,4.099,227,186
27,4.116,228,188
27,4.149,229,190
27,4.166,229,191
27,4.183,229,192
27,4.199,229,193
27,4.216,229,194
27,4.233,230,196
27,4.266,230,198
27,4.284,231,199
27,4.301,231,200
27,4.322,231,202
27,4.335,232,202
27,4.358,232,204
27,4.378,233,206
27,4.399,233,207
27,4.416,233,208
27,4.433,233,210
27,4.449,233,212
27,4.466,233,213
27,4.483,233,215
27,4.499,233,217
27,4.516,233,219
27,4.533,233,220
27,4.549,233,222
27,4.588,234,226
27,4.611,235,231
27,4.631,235,234
27,4.649,235,236
27,4.666,235,237
27,4.683,235,238
27,4.699,235,239
28,0.000,-3,-280
28,0.284,-3,-279
28,0.318,-4,-278
28,0.368,-4,-277
28,0.403,-4,-276
28,0.422,-5,-276
28,0.454,-5,-274
28,0.470,-5,-273
28,0.485,-5,-272
28,0.501,-5,-270
28,0.518,-5,-266
28,0.550,-5,-262
28,0.567,-5,-259
28,0.583,-5,-256
28,0.600,-5,-253
28,0.617,-5,-251
28,0.633,-5,-248
28,0.650,-5,-244
28,0.667,-5,-242
28,0.683,-5,-240
28,0.700,-5,-238
28,0.717,-5,-234
28,0.733,-5,-232
28,0.750,-5,-231
28,0.767,-5,-229
28,0.783,-4,-227
28,0.800,-4,-226
28,0.817,-4,-224
28,0.833,-4,-223
28,0.850,-4,-222
28,0.867,-4,-220
28,0.900,-4,-218
28,0.917,-4,-216
28,0.933,-4,-214
28,0.950,-4,-212
28,0.967,-3,-210
28,0.983,-3,-208
28,1.004,-3,-206
28,1.023,-3,-204
28,1.035,-3,-202
28,1.055,-3,-200
28,1.069,-3,-198
28,1.091,-3,-196
28,1.117,-3,-194
28,1.133,-2,-189
28,1.149,-2,-188
28,1.166,-1,-185
28,1.183,-1,-182
28,1.199,0,-180
28,1.216,0,-179
28,1.235,0,-176
28,1.252,1,-174
28,1.273,1,-170
28,1.285,1,-169
28,1.300,1,-166
28,1.317,1,-163
28,1.333,1,-161
28,1.350,2,-160
28,1.366,2,-157
28,1.383,1,-154
28,1.400,1,-150
28,1.417,1,-149
28,1.433,1,-146
28,1.450,1,-143
28,1.467,1,-140
28,1.482,0,-138
28,1.499,-1,-135
28,1.516,-1,-131
28,1.533,-2,-128
28,1.549,-3,-126
28,1.566,-4,-123
28,1.582,-5,-120
28,1.599,-7,-116
28,1.615,-7,-114
28,1.632,-8,-110
28,1.649,-9,-107
28,1.665,-11,-104
28,1.682,-11,-102
28,1.699,-11,-99
28,1.715,-12,-95
28,1.732,-13,-91
28,1.749,-13,-89
28,1.765,-14,-85
28,1.782,-15,-80
28,1.799,-16,-76
28,1.816,-16,-74
28,1.832,-17,-69
28,1.849,-18,-64
28,1.865,-19,-60
28,1.882,-19,-57
28,1.900,-21,-52
28,1.917,-21,-47
28,1.933,-23,-42
28,1.950,-23,-40
28,1.967,-24,-35
28,1.983,-25,-31
28,2.000,-25,-27
28,2.016,-25,-25
28,2.033,-25,-22
28,2.050,-26,-18
28,2.067,-27,-14
28,2.083,-27,-12
28,2.100,-28,-9
28,2.117,-29,-6
28,2.133,-29,-2
28,2.150,-29,-1
28,2.166,-29,2
28,2.183,-30,6
28,2.200,-31,9
28,2.216,-31,10
28,2.233,-31,14
28,2.250,-32,17
28,2.266,-33,20
28,2.283,-33,22
28,2.300,-35,26
28,2.317,-37,30
28,2.333,-39,33
28,2.352,-41,37
28,2.368,-42,38
28,2.390,-46,44
28,2.413,-47,47
28,2.435,-49,51
28,2.463,-51,56
28,2.489,-52,62
28,2.509,-53,65
28,2.531,-55,68
28,2.550,-57,72
28,2.575,-60,78
28,2.597,-62,81
28,2.615,-64,84
28,2.632,-66,87
28,2.648,-67,90
28,2.665,-69,92
28,2.682,-69,94
28,2.699,-70,97
28,2.715,-71,100
28,2.732,-73,102
28,2.749,-74,104
28,2.766,-75,107
28,2.782,-77,110
28,2.798,-79,112
28,2.816,-80,114
28,2.832,-82,116
28,2.848,-83,119
28,2.865,-85,122
28,2.882,-85,123
28,2.898,-87,126
28,2.915,-87,128
28,2.932,-88,131
28,2.948,-89,132
28,2.965,-89,134
28,2.982,-90,137
28,2.999,-91,140
28,3.015,-91,141
28,3.032,-92,144
28,3.048,-93,146
28,3.065,-95,148
28,3.082,-95,150
28,3.099,-97,153
28,3.116,-98,155
28,3.138,-99,158
28,3.165,-101,162
28,3.184,-102,164
28,3.200,-103,166
28,3.217,-104,167
28,3.234,-105,170
28,3.251,-105,172
28,3.267,-106,174
28,3.284,-107,176
28,3.300,-107,178
28,3.319,-107,181
28,3.348,-108,184
28,3.367,-109,187
28,3.384,-110,190
28,3.402,-110,192
28,3.417,-111,194
28,3.433,-111,196
28,3.450,-111,198
28,3.468,-112,200
28,3.483,-112,202
28,3.501,-113,204
28,3.517,-114,206
28,3.533,-115,210
28,3.550,-115,211
28,3.570,-115,214
28,3.588,-115,216
28,3.600,-115,218
28,3.618,-115,220
28,3.633,-116,222
28,3.668,-117,226
28,3.685,-117,228
28,3.700,-117,230
28,3.717,-116,232
28,3.733,-116,235
28,3.750,-115,237
28,3.768,-115,240
28,3.783,-114,243
28,3.801,-114,245
28,3.817,-115,247
28,3.834,-115,248
28,3.850,-115,250
29,0.001,-4,-278
29,0.251,-5,-276
29,0.268,-5,-275
29,0.285,-5,-273
29,0.301,-5,-271
29,0.320,-5,-270
29,0.335,-5,-268
29,0.367,-5,-264
29,0.383,-6,-262
29,0.400,-6,-260
29,0.417,-6,-258
29,0.434,-6,-256
29,0.451,-6,-254
29,0.483,-6,-252
29,0.500,-6,-250
29,0.516,-6,-248
29,0.533,-6,-247
29,0.549,-6,-245
29,0.566,-6,-244
29,0.583,-6,-242
29,0.617,-6,-240
29,0.633,-6,-238
29,0.650,-6,-237
29,0.667,-7,-236
29,0.685,-7,-235
29,0.702,-7,-234
29,0.720,-7,-232
29,0.753,-7,-231
29,0.769,-7,-230
29,0.803,-7,-229
29,0.819,-7,-228
29,0.851,-7,-227
29,0.870,-7,-226
29,0.918,-7,-225
29,0.952,-7,-224
29,0.992,-7,-223
29,1.002,-7,-222
29,1.035,-7,-221
29,1.068,-7,-220
29,1.102,-7,-219
29,1.122,-7,-218
29,1.152,-6,-217
29,1.168,-6,-216
29,1.206,-6,-214
29,1.236,-6,-213
29,1.252,-5,-212
29,1.269,-5,-211
29,1.284,-5,-210
29,1.303,-5,-209
29,1.318,-5,-208
29,1.336,-5,-206
29,1.370,-5,-204
29,1.402,-5,-202
29,1.435,-5,-200
29,1.453,-5,-199
29,1.468,-5,-198
29,1.490,-5,-196
29,1.518,-5,-194
29,1.554,-5,-191
29,1.568,-5,-190
29,1.584,-4,-189
29,1.601,-4,-188
29,1.618,-4,-186
29,1.634,-4,-185
29,1.652,-3,-183
29,1.683,-3,-180
29,1.702,-3,-178
29,1.718,-3,-176
29,1.750,-3,-174
29,1.767,-2,-171
29,1.783,-2,-168
29,1.800,-1,-167
29,1.818,-1,-164
29,1.852,0,-159
29,1.875,1,-156
29,1.903,1,-152
29,1.932,3,-147
29,1.951,3,-144
29,1.967,4,-142
29,1.984,4,-139
29,2.000,5,-138
29,2.017,5,-135
29,2.033,5,-132
29,2.051,5,-128
29,2.067,6,-127
29,2.083,6,-124
29,2.100,7,-121
29,2.117,7,-118
29,2.133,7,-116
29,2.150,8,-112
29,2.168,9,-108
29,2.183,9,-104
29,2.200,10,-103
29,2.217,11,-100
29,2.233,12,-96
29,2.250,13,-92
29,2.267,14,-90
29,2.283,15,-87
29,2.301,15,-84
29,2.318,17,-82
29,2.332,17,-80
29,2.349,17,-78
29,2.366,18,-75
29,2.382,19,-72
29,2.399,19,-71
29,2.415,20,-69
29,2.432,21,-66
29,2.449,21,-64
29,2.482,22,-62
29,2.500,22,-60
29,2.515,22,-57
29,2.533,23,-56
29,2.550,23,-53
29,2.569,23,-50
29,2.583,24,-48
29,2.616,24,-46
29,2.634,25,-44
29,2.650,25,-42
29,2.667,25,-40
29,2.683,25,-38
29,2.700,25,-35
29,2.716,25,-33
29,2.733,25,-32
29,2.750,25,-30
29,2.766,26,-28
29,2.783,26,-26
29,2.800,26,-24
29,2.817,27,-22
29,2.833,27,-20
29,2.850,27,-17
29,2.867,27,-16
29,2.883,27,-13
29,2.900,27,-10
29,2.917,27,-9
29,2.934,28,-6
29,2.950,29,-4
29,2.967,29,-1
29,2.983,29,2
29,3.000,29,4
29,3.017,29,7
29,3.033,30,9
29,3.050,31,12
29,3.083,31,15
29,3.100,32,18
29,3.116,33,20
29,3.133,33,22
29,3.150,33,24
29,3.167,34,26
29,3.183,35,28
29,3.200,35,29
29,3.216,35,30
29,3.233,36,32
29,3.250,37,34
29,3.266,37,35
29,3.283,37,37
29,3.300,37,38
29,3.316,37,41
29,3.333,38,42
29,3.350,38,44
29,3.366,39,46
29,3.383,39,48
29,3.416,40,50
29,3.433,40,52
29,3.450,40,53
29,3.466,41,54
29,3.483,41,55
29,3.500,41,57
29,3.516,41,60
29,3.532,41,61
29,3.550,41,63
29,3.566,41,66
29,3.583,42,68
29,3.616,42,70
29,3.633,42,73
29,3.650,42,76
29,3.666,42,77
29,3.683,43,80
29,3.700,43,84
29,3.717,43,86
29,3.733,43,87
29,3.749,43,90
29,3.766,43,93
29,3.783,43,96
29,3.800,43,98
29,3.816,43,101
29,3.833,43,104
29,3.850,43,107
29,3.867,44,108
29,3.883,44,111
29,3.900,44,114
29,3.916,44,118
29,3.933,44,119
29,3.950,44,122
29,3.966,44,126
29,3.983,44,129
29,3.999,44,130
29,4.016,43,134
29,4.033,44,138
29,4.050,44,142
29,4.066,44,144
29,4.083,44,148
29,4.099,44,152
29,4.116,44,156
29,4.133,44,157
29,4.149,45,160
29,4.166,45,163
29,4.183,45,166
29,4.200,46,167
29,4.216,47,169
29,4.233,47,172
29,4.249,47,174
29,4.266,48,175
29,4.283,48,177
29,4.299,49,179
29,4.316,49,180
29,4.332,50,182
29,4.349,51,184
29,4.366,52,186
29,4.383,53,188
29,4.416,53,190
29,4.433,54,192
29,4.450,55,193
29,4.466,55,194
29,4.482,56,196
29,4.500,57,198
29,4.533,58,200
29,4.549,58,202
29,4.566,59,203
29,4.583,59,204
29,4.600,59,205
29,4.616,60,207
29,4.633,60,208
29,4.650,61,211
29,4.666,61,212
29,4.682,61,214
29,4.700,61,216
29,4.716,62,218
29,4.732,62,220
29,4.750,62,221
29,4.774,63,224
29,4.797,63,226
29,4.816,63,228
29,4.833,63,230
29,4.849,63,231
29,4.866,63,232
29,4.883,63,234
29,4.899,64,235
29,4.932,64,236
29,4.949,64,237
29,4.966,65,238
30,0.001,-1,-281
30,0.251,-1,-280
30,0.284,-1,-279
30,0.334,-1,-278
30,0.368,-1,-277
30,0.384,-1,-276
30,0.401,-2,-275
30,0.418,-2,-273
30,0.435,-3,-271
30,0.451,-3,-269
30,0.483,-3,-265
30,0.499,-3,-263
30,0.516,-3,-260
30,0.549,-3,-257
30,0.566,-4,-254
30,0.583,-4,-252
30,0.599,-4,-251
30,0.616,-4,-249
30,0.633,-4,-247
30,0.649,-4,-244
30,0.669,-4,-243
30,0.693,-4,-242
30,0.714,-5,-240
30,0.735,-5,-238
30,0.781,-5,-236
30,0.816,-5,-234
30,0.852,-5,-232
30,0.879,-5,-230
30,0.916,-5,-228
30,0.949,-5,-226
30,0.966,-5,-225
30,0.982,-5,-223
30,1.000,-5,-222
30,1.032,-6,-220
30,1.049,-6,-218
30,1.082,-6,-216
30,1.099,-7,-214
30,1.116,-7,-212
30,1.155,-7,-208
30,1.176,-7,-206
30,1.200,-8,-204
30,1.221,-8,-202
30,1.240,-9,-200
30,1.251,-9,-199
30,1.272,-9,-197
30,1.292,-9,-195
30,1.316,-9,-192
30,1.335,-9,-191
30,1.353,-9,-189
30,1.369,-9,-187
30,1.390,-9,-185
30,1.402,-9,-183
30,1.423,-9,-182
30,1.436,-9,-181
30,1.458,-9,-180
30,1.476,-9,-178
30,1.499,-8,-176
30,1.521,-8,-174
30,1.538,-8,-172
30,1.550,-8,-171
30,1.566,-8,-169
30,1.583,-8,-167
30,1.600,-8,-166
30,1.616,-8,-165
30,1.633,-7,-163
30,1.650,-7,-162
30,1.666,-7,-161
30,1.683,-7,-159
30,1.700,-6,-157
30,1.716,-5,-155
30,1.733,-5,-154
30,1.750,-4,-151
30,1.766,-3,-148
30,1.783,-2,-146
30,1.799,-1,-144
30,1.816,-1,-142
30,1.833,1,-139
30,1.849,2,-136
30,1.866,3,-134
30,1.883,3,-131
30,1.899,5,-128
30,1.916,5,-125
30,1.933,5,-124
30,1.950,6,-122
30,1.967,7,-120
30,1.983,8,-117
30,1.999,8,-115
30,2.016,9,-112
30,2.033,10,-109
30,2.049,11,-106
30,2.066,11,-105
30,2.085,13,-102
30,2.106,15,-99
30,2.118,17,-96
30,2.141,19,-92
30,2.162,21,-88
30,2.185,23,-84
30,2.207,24,-81
30,2.232,25,-75
30,2.257,27,-71
30,2.269,29,-68
30,2.293,31,-64
30,2.312,33,-60
30,2.334,37,-53
30,2.358,40,-49
30,2.377,42,-45
30,2.399,43,-41
30,2.419,46,-36
30,2.439,49,-29
30,2.466,53,-25
30,2.485,56,-20
30,2.506,59,-16
30,2.518,61,-11
30,2.534,63,-7
30,2.549,64,-5
30,2.566,66,-1
30,2.583,69,4
30,2.599,69,6
30,2.616,73,10
30,2.633,75,13
30,2.649,78,17
30,2.666,79,19
30,2.683,80,23
30,2.700,82,26
30,2.716,84,30
30,2.733,85,32
30,2.749,87,35
30,2.766,89,38
30,2.783,91,42
30,2.800,93,43
30,2.816,95,46
30,2.833,97,48
30,2.850,99,51
30,2.866,99,52
30,2.883,101,54
30,2.899,102,57
30,2.916,104,60
30,2.932,105,62
30,2.949,107,64
30,2.966,109,67
30,2.983,111,70
30,2.999,113,71
30,3.016,114,73
30,3.033,116,76
30,3.049,117,78
30,3.067,117,80
30,3.087,119,83
30,3.100,119,84
30,3.116,121,86
30,3.132,121,88
30,3.149,123,90
30,3.166,124,92
30,3.182,126,94
30,3.199,127,96
30,3.216,128,98
30,3.232,130,100
30,3.249,132,103
30,3.266,133,104
30,3.283,135,106
30,3.299,137,109
30,3.316,138,111
30,3.332,139,112
30,3.349,139,114
30,3.366,141,116
30,3.382,142,119
30,3.399,143,120
30,3.416,144,122
30,3.432,146,125
30,3.449,148,127
30,3.465,149,128
30,3.481,151,130
30,3.498,152,132
30,3.515,153,134
30,3.531,154,136
30,3.549,155,138
30,3.565,157,140
30,3.582,157,142
30,3.599,158,144
30,3.616,159,146
30,3.632,161,148
30,3.649,162,150
30,3.666,163,151
30,3.682,165,153
30,3.699,166,155
30,3.716,167,157
30,3.732,168,158
30,3.749,170,160
30,3.766,171,162
30,3.782,173,164
30,3.799,173,165
30,3.816,175,167
30,3.833,176,168
30,3.849,177,170
30,3.866,177,171
30,3.882,178,174
30,3.899,179,176
30,3.916,180,178
30,3.932,181,178
30,3.949,183,180
30,3.966,184,182
30,3.982,187,184
30,3.999,187,186
30,4.016,189,188
30,4.032,191,189
30,4.049,192,191
30,4.066,193,192
30,4.082,193,194
30,4.099,195,196
30,4.118,196,198
30,4.140,197,200
30,4.166,199,202
30,4.188,201,204
30,4.208,202,206
30,4.232,205,208
30,4.253,207,210
30,4.271,208,212
30,4.297,210,214
30,4.316,211,216
30,4.332,212,217
30,4.349,213,218
30,4.365,215,220
30,4.382,215,222
30,4.399,216,223
30,4.416,217,225
30,4.432,218,227
30,4.449,219,230
30,4.465,220,230
30,4.483,221,233
30,4.500,222,236
30,4.516,223,238
30,4.532,223,239
30,4.549,225,242
30,4.566,226,244
30,4.582,227,245
30,4.599,227,246
30,4.615,228,247
30,4.632,228,248
31,0.000,-5,-280
31,0.186,-5,-279
31,0.202,-5,-278
31,0.219,-5,-276
31,0.235,-4,-275
31,0.251,-4,-272
31,0.267,-4,-269
31,0.300,-3,-264
31,0.317,-2,-261
31,0.333,-1,-258
31,0.350,-1,-254
31,0.367,-1,-253
31,0.383,-1,-250
31,0.400,0,-247
31,0.417,1,-244
31,0.433,1,-242
31,0.450,2,-240
31,0.467,2,-238
31,0.483,3,-236
31,0.500,3,-234
31,0.516,3,-232
31,0.533,3,-231
31,0.550,3,-229
31,0.567,3,-228
31,0.583,3,-226
31,0.600,3,-224
31,0.617,3,-223
31,0.633,3,-222
31,0.650,3,-221
31,0.666,4,-220
31,0.685,4,-218
31,0.719,4,-216
31,0.737,4,-215
31,0.752,4,-214
31,0.775,4,-212
31,0.805,4,-210
31,0.819,4,-209
31,0.833,4,-208
31,0.850,4,-206
31,0.867,4,-205
31,0.884,4,-204
31,0.900,4,-203
31,0.917,4,-202
31,0.934,4,-200
31,0.950,4,-199
31,0.967,4,-198
31,0.984,3,-196
31,1.000,3,-194
31,1.017,2,-192
31,1.034,2,-191
31,1.050,1,-189
31,1.067,0,-187
31,1.084,-1,-185
31,1.101,-2,-184
31,1.117,-3,-182
31,1.134,-5,-179
31,1.150,-7,-177
31,1.167,-7,-176
31,1.184,-8,-174
31,1.200,-9,-172
31,1.217,-10,-170
31,1.234,-11,-168
31,1.250,-11,-166
31,1.267,-13,-164
31,1.283,-13,-162
31,1.300,-15,-160
31,1.317,-17,-158
31,1.334,-19,-155
31,1.352,-21,-153
31,1.373,-23,-150
31,1.395,-25,-147
31,1.417,-28,-143
31,1.439,-30,-141
31,1.462,-32,-138
31,1.486,-35,-134
31,1.502,-36,-132
31,1.521,-39,-130
31,1.545,-43,-125
31,1.567,-46,-122
31,1.591,-49,-119
31,1.615,-52,-116
31,1.633,-55,-113
31,1.650,-58,-110
31,1.667,-62,-107
31,1.683,-65,-104
31,1.701,-67,-103
31,1.717,-70,-100
31,1.733,-74,-97
31,1.750,-77,-94
31,1.767,-79,-93
31,1.784,-83,-90
31,1.800,-86,-88
31,1.817,-89,-85
31,1.834,-91,-84
31,1.850,-95,-80
31,1.867,-99,-78
31,1.883,-103,-74
31,1.900,-104,-73
31,1.917,-107,-70
31,1.933,-112,-68
31,1.950,-117,-64
31,1.967,-119,-62
31,1.984,-123,-59
31,2.000,-127,-56
31,2.017,-131,-52
31,2.033,-133,-50
31,2.050,-138,-46
31,2.069,-143,-42
31,2.085,-147,-37
31,2.118,-157,-30
31,2.134,-162,-25
31,2.150,-167,-20
31,2.167,-170,-18
31,2.184,-176,-13
31,2.201,-181,-8
31,2.217,-186,-3
31,2.234,-189,-1
31,2.251,-193,4
31,2.267,-197,8
31,2.284,-201,12
31,2.300,-203,13
31,2.317,-206,17
31,2.333,-210,21
31,2.350,-214,25
31,2.367,-216,27
31,2.385,-219,31
31,2.400,-223,35
31,2.417,-226,39
31,2.434,-228,41
31,2.450,-233,46
31,2.468,-236,50
31,2.484,-239,54
31,2.500,-241,56
31,2.517,-243,61
31,2.534,-247,65
31,2.550,-251,69
31,2.568,-253,72
31,2.583,-255,76
31,2.600,-258,80
31,2.617,-260,84
31,2.633,-261,86
31,2.650,-264,89
31,2.667,-267,93
31,2.684,-270,96
31,2.700,-271,98
31,2.717,-274,101
31,2.734,-276,104
31,2.751,-278,107
31,2.768,-279,108
31,2.785,-281,111
31,2.800,-282,114
31,2.817,-284,116
31,2.834,-285,119
31,2.857,-287,122
31,2.881,-289,125
31,2.899,-291,128
31,2.915,-293,130
31,2.932,-294,132
31,2.949,-295,135
31,2.965,-296,136
31,2.982,-297,138
31,2.999,-298,141
31,3.015,-299,143
31,3.032,-299,144
31,3.049,-301,147
31,3.067,-302,150
31,3.084,-304,152
31,3.101,-305,153
31,3.118,-306,156
31,3.134,-308,158
31,3.153,-311,160
31,3.167,-311,162
31,3.185,-313,164
31,3.201,-315,166
31,3.217,-316,169
31,3.234,-317,170
31,3.254,-317,173
31,3.282,-319,176
31,3.317,-319,178
31,3.335,-320,180
31,3.350,-321,182
31,3.383,-323,184
31,3.401,-324,186
31,3.417,-325,188
31,3.434,-326,188
31,3.451,-327,190
31,3.468,-328,190
31,3.483,-329,192
31,3.518,-330,193
31,3.534,-331,194
31,3.555,-331,196
31,3.566,-332,196
31,3.583,-333,197
31,3.600,-333,198
31,3.616,-334,200
31,3.650,-335,201
31,3.666,-335,202
31,3.683,-335,204
31,3.716,-336,205
31,3.733,-336,206
31,3.750,-336,207
31,3.767,-337,207
31,3.783,-337,208
31,3.800,-337,210
31,3.833,-337,212
31,3.849,-337,213
31,3.867,-337,214
31,3.883,-338,216
31,3.900,-338,217
31,3.916,-338,219
31,3.932,-338,221
31,3.955,-338,223
31,3.966,-338,224
31,3.983,-339,226
31,3.999,-339,229
31,4.016,-339,232
31,4.033,-339,233
31,4.049,-338,236
31,4.066,-338,238
31,4.085,-338,240
31,4.101,-338,242
31,4.116,-337,243
31,4.133,-337,245
31,4.149,-336,246
31,4.166,-335,247
33,0.000,-5,-282
33,0.152,-5,-281
33,0.169,-6,-280
33,0.185,-7,-279
33,0.202,-7,-278
33,0.218,-8,-277
33,0.235,-8,-276
33,0.252,-9,-274
33,0.269,-10,-272
33,0.285,-11,-272
33,0.302,-11,-270
33,0.319,-12,-267
33,0.351,-14,-264
33,0.367,-15,-262
33,0.384,-18,-260
33,0.401,-20,-257
33,0.417,-21,-255
33,0.434,-23,-253
33,0.451,-25,-250
33,0.468,-27,-248
33,0.501,-29,-246
33,0.520,-31,-244
33,0.535,-31,-242
33,0.552,-33,-239
33,0.569,-35,-238
33,0.585,-37,-235
33,0.603,-40,-232
33,0.619,-42,-230
33,0.641,-44,-229
33,0.652,-45,-228
33,0.669,-46,-226
33,0.685,-47,-225
33,0.702,-48,-224
33,0.718,-49,-223
33,0.736,-50,-222
33,0.751,-50,-221
33,0.769,-51,-220
33,0.786,-52,-218
33,0.802,-53,-217
33,0.819,-55,-215
33,0.834,-56,-214
33,0.850,-58,-212
33,0.866,-59,-211
33,0.883,-61,-210
33,0.900,-62,-210
33,0.919,-63,-209
33,0.934,-64,-208
33,0.951,-65,-208
33,0.967,-66,-206
33,0.984,-67,-204
33,1.001,-69,-204
33,1.017,-69,-203
33,1.034,-70,-201
33,1.051,-71,-199
33,1.067,-73,-197
33,1.084,-75,-194
33,1.101,-76,-193
33,1.117,-77,-191
33,1.133,-79,-189
33,1.149,-80,-188
33,1.166,-81,-186
33,1.183,-83,-183
33,1.199,-85,-181
33,1.216,-85,-180
33,1.238,-86,-177
33,1.291,-89,-170
33,1.347,-93,-162
33,1.366,-94,-158
33,1.383,-96,-156
33,1.400,-97,-154
33,1.416,-97,-152
33,1.433,-98,-150
33,1.450,-99,-148
33,1.467,-101,-146
33,1.484,-102,-143
33,1.500,-103,-142
33,1.517,-103,-139
33,1.534,-104,-137
33,1.551,-105,-135
33,1.568,-105,-134
33,1.584,-105,-131
33,1.603,-105,-128
33,1.621,-106,-126
33,1.634,-107,-124
33,1.652,-107,-122
33,1.668,-107,-119
33,1.685,-107,-116
33,1.701,-108,-115
33,1.718,-109,-112
33,1.735,-109,-110
33,1.752,-109,-107
33,1.768,-110,-106
33,1.785,-111,-103
33,1.801,-112,-101
33,1.818,-113,-98
33,1.835,-113,-96
33,1.852,-114,-94
33,1.868,-114,-91
33,1.885,-114,-88
33,1.901,-114,-86
33,1.917,-115,-83
33,1.935,-115,-78
33,1.951,-115,-74
33,1.968,-116,-73
33,1.984,-116,-70
33,2.001,-116,-66
33,2.018,-117,-63
33,2.035,-117,-60
33,2.051,-117,-58
33,2.068,-117,-54
33,2.084,-117,-52
33,2.101,-116,-48
33,2.118,-116,-47
33,2.134,-116,-44
33,2.152,-116,-42
33,2.168,-116,-39
33,2.184,-116,-38
33,2.201,-116,-35
33,2.218,-115,-32
33,2.234,-115,-30
33,2.251,-115,-28
33,2.268,-115,-26
33,2.284,-115,-23
33,2.303,-115,-20
33,2.318,-115,-19
33,2.336,-114,-16
33,2.351,-114,-14
33,2.369,-113,-12
33,2.384,-113,-10
33,2.401,-113,-8
33,2.417,-113,-6
33,2.434,-113,-5
33,2.451,-113,-4
33,2.468,-113,-2
33,2.485,-113,0
33,2.506,-113,2
33,2.524,-113,4
33,2.534,-113,5
33,2.550,-113,7
33,2.566,-113,8
33,2.583,-112,9
33,2.599,-112,10
33,2.616,-112,12
33,2.633,-112,13
33,2.649,-112,15
33,2.666,-112,16
33,2.683,-112,18
33,2.699,-112,20
33,2.716,-112,22
33,2.732,-111,24
33,2.749,-111,26
33,2.766,-111,27
33,2.783,-111,29
33,2.799,-111,31
33,2.816,-110,34
33,2.849,-110,37
33,2.866,-110,40
33,2.882,-109,42
33,2.899,-109,44
33,2.917,-109,46
33,2.933,-109,48
33,2.950,-109,50
33,2.966,-109,52
33,2.983,-109,54
33,3.000,-109,56
33,3.016,-109,59
33,3.033,-109,60
33,3.050,-109,63
33,3.067,-109,65
33,3.085,-109,68
33,3.101,-109,70
33,3.135,-109,73
33,3.151,-109,76
33,3.168,-109,78
33,3.184,-109,79
33,3.201,-109,81
33,3.218,-109,83
33,3.234,-109,85
33,3.250,-109,86
33,3.267,-108,88
33,3.284,-108,89
33,3.301,-108,91
33,3.317,-108,92
33,3.334,-108,93
33,3.351,-108,96
33,3.368,-108,98
33,3.389,-108,100
33,3.401,-108,101
33,3.416,-108,102
33,3.433,-108,103
33,3.450,-109,105
33,3.467,-109,107
33,3.487,-109,109
33,3.501,-109,111
33,3.520,-109,113
33,3.541,-109,115
33,3.552,-109,116
33,3.573,-110,118
33,3.583,-110,119
33,3.599,-110,120
33,3.616,-110,122
33,3.650,-110,124
33,3.666,-110,125
33,3.684,-110,126
33,3.704,-111,128
33,3.737,-111,130
33,3.758,-111,131
33,3.768,-111,132
33,3.787,-111,134
33,3.801,-111,135
33,3.822,-112,136
33,3.834,-112,138
33,3.854,-112,139
33,3.866,-112,140
33,3.883,-112,141
33,3.900,-113,142
33,3.916,-113,143
33,3.933,-113,144
33,3.950,-113,145
33,3.966,-113,146
33,3.984,-113,147
33,4.014,-114,149
33,4.033,-115,150
33,4.066,-115,152
33,4.099,-115,153
33,4.116,-115,154
33,4.133,-116,155
33,4.149,-116,156
33,4.183,-117,158
33,4.216,-117,159
33,4.233,-117,160
33,4.267,-117,161
33,4.288,-117,162
33,4.301,-118,162
33,4.323,-118,163
33,4.335,-118,164
33,4.355,-119,164
33,4.377,-119,166
33,4.417,-120,168
33,4.434,-121,168
33,4.450,-121,169
33,4.468,-121,170
33,4.484,-121,171
33,4.501,-122,172
33,4.541,-123,174
33,4.582,-124,175
33,4.600,-124,176
33,4.617,-125,177
33,4.634,-125,178
33,4.665,-125,179
33,4.684,-126,180
33,4.718,-126,181
33,4.734,-127,182
33,4.768,-127,183
33,4.787,-127,184
33,4.801,-127,185
33,4.824,-128,186
33,4.847,-129,188
33,4.868,-129,189
33,4.889,-131,190
33,4.912,-132,192
33,4.935,-133,193
33,4.950,-133,194
33,4.967,-134,195
33,4.983,-134,196
33,4.998,-135,196
33,5.015,-135,198
33,5.031,-136,198
33,5.048,-137,199
33,5.065,-138,200
33,5.081,-139,201
33,5.116,-140,202
33,5.132,-141,204
33,5.149,-142,205
33,5.182,-143,206
33,5.199,-143,208
33,5.216,-144,209
33,5.232,-144,210
33,5.249,-145,211
33,5.266,-145,212
33,5.282,-145,214
33,5.299,-145,215
33,5.316,-145,216
33,5.333,-145,218
33,5.349,-146,219
33,5.366,-146,220
33,5.382,-146,222
33,5.402,-147,223
33,5.416,-147,224
33,5.432,-147,226
33,5.449,-147,228
33,5.466,-147,230
33,5.483,-147,232
33,5.499,-147,233
33,5.516,-147,235
33,5.533,-147,237
33,5.549,-147,238
33,5.566,-147,240
33,5.599,-146,242
33,5.615,-145,243
34,0.000,1,-280
34,0.206,1,-278
34,0.256,0,-276
34,0.288,0,-275
34,0.306,-1,-274
34,0.322,-1,-272
34,0.354,-1,-270
34,0.372,-1,-268
34,0.403,-1,-265
34,0.422,-1,-263
34,0.434,-1,-262
34,0.451,-2,-260
34,0.468,-2,-258
34,0.484,-3,-255
34,0.501,-3,-252
34,0.518,-3,-251
34,0.534,-3,-248
34,0.551,-3,-246
34,0.568,-3,-244
34,0.584,-4,-243
34,0.601,-4,-242
34,0.617,-4,-240
34,0.634,-4,-239
34,0.651,-5,-238
34,0.667,-5,-236
34,0.684,-5,-235
34,0.701,-5,-234
34,0.717,-5,-233
34,0.734,-5,-232
34,0.751,-5,-231
34,0.767,-5,-230
34,0.784,-5,-229
34,0.801,-5,-228
34,0.817,-5,-226
34,0.852,-5,-224
34,0.872,-5,-223
34,0.884,-6,-222
34,0.901,-6,-220
34,0.917,-6,-219
34,0.934,-7,-217
34,0.952,-7,-215
34,0.969,-7,-213
34,0.985,-7,-212
34,1.003,-7,-210
34,1.018,-8,-208
34,1.036,-8,-206
34,1.054,-9,-205
34,1.069,-9,-203
34,1.086,-9,-201
34,1.102,-10,-199
34,1.119,-10,-198
34,1.135,-11,-196
34,1.153,-11,-194
34,1.168,-11,-191
34,1.187,-11,-190
34,1.202,-11,-187
34,1.220,-12,-184
34,1.235,-12,-182
34,1.257,-13,-179
34,1.275,-13,-176
34,1.285,-13,-175
34,1.303,-13,-172
34,1.318,-14,-170
34,1.335,-14,-168
34,1.351,-15,-165
34,1.368,-15,-162
34,1.385,-15,-161
34,1.403,-17,-158
34,1.418,-18,-156
34,1.436,-19,-153
34,1.451,-19,-151
34,1.469,-20,-148
34,1.486,-21,-146
34,1.501,-23,-142
34,1.522,-24,-139
34,1.535,-25,-138
34,1.553,-25,-135
34,1.568,-27,-132
34,1.585,-27,-131
34,1.602,-28,-128
34,1.619,-29,-125
34,1.635,-29,-123
34,1.652,-30,-122
34,1.669,-30,-120
34,1.686,-31,-118
34,1.702,-31,-116
34,1.718,-31,-115
34,1.736,-32,-112
34,1.752,-32,-110
34,1.769,-32,-109
34,1.785,-33,-108
34,1.802,-33,-106
34,1.819,-34,-104
34,1.837,-35,-101
34,1.851,-35,-100
34,1.872,-37,-98
34,1.889,-39,-95
34,1.900,-39,-94
34,1.917,-41,-92
34,1.934,-42,-90
34,1.951,-43,-87
34,1.967,-44,-86
34,1.983,-45,-84
34,2.000,-46,-82
34,2.017,-47,-80
34,2.034,-48,-78
34,2.050,-48,-77
34,2.067,-49,-75
34,2.084,-49,-72
34,2.100,-50,-71
34,2.117,-51,-69
34,2.134,-51,-66
34,2.150,-52,-64
34,2.167,-53,-63
34,2.184,-54,-60
34,2.200,-55,-58
34,2.217,-57,-56
34,2.233,-57,-54
34,2.250,-58,-52
34,2.267,-60,-50
34,2.283,-61,-48
34,2.301,-63,-45
34,2.317,-64,-44
34,2.334,-65,-42
34,2.350,-67,-39
34,2.367,-67,-38
34,2.384,-68,-35
34,2.400,-69,-32
34,2.417,-69,-30
34,2.433,-70,-29
34,2.450,-71,-26
34,2.467,-73,-23
34,2.486,-74,-20
34,2.502,-75,-18
34,2.528,-77,-16
34,2.555,-79,-12
34,2.567,-80,-10
34,2.583,-82,-8
34,2.601,-83,-5
34,2.617,-85,-3
34,2.634,-85,0
34,2.650,-86,1
34,2.667,-87,3
34,2.684,-87,6
34,2.702,-89,8
34,2.718,-89,9
34,2.736,-90,11
34,2.755,-91,14
34,2.768,-93,16
34,2.783,-93,17
34,2.800,-94,19
34,2.817,-95,22
34,2.835,-97,24
34,2.851,-97,25
34,2.869,-99,28
34,2.894,-101,31
34,2.917,-103,34
34,2.935,-103,36
34,2.953,-104,38
34,2.983,-105,42
34,3.001,-106,44
34,3.020,-107,46
34,3.038,-107,48
34,3.051,-107,50
34,3.068,-108,52
34,3.085,-108,53
34,3.103,-109,55
34,3.118,-109,56
34,3.136,-109,58
34,3.151,-109,61
34,3.170,-109,62
34,3.191,-110,64
34,3.201,-110,65
34,3.220,-110,67
34,3.234,-111,68
34,3.250,-111,70
34,3.267,-111,71
34,3.283,-111,73
34,3.300,-111,75
34,3.317,-111,76
34,3.334,-112,78
34,3.350,-112,80
34,3.383,-112,82
34,3.400,-113,83
34,3.416,-113,85
34,3.434,-113,86
34,3.450,-113,87
34,3.467,-113,89
34,3.483,-114,90
34,3.500,-114,91
34,3.517,-115,92
34,3.533,-115,93
34,3.550,-115,94
34,3.568,-115,96
34,3.583,-116,96
34,3.600,-116,98
34,3.632,-117,99
34,3.649,-117,100
34,3.683,-117,102
34,3.716,-117,103
34,3.733,-118,104
34,3.749,-118,105
34,3.766,-119,105
34,3.782,-119,106
34,3.816,-119,107
34,3.832,-119,108
34,3.849,-120,108
34,3.866,-120,109
34,3.882,-120,110
34,3.916,-121,111
34,3.933,-121,112
34,3.982,-121,113
34,3.999,-121,114
34,4.032,-121,115
34,4.049,-121,116
34,4.068,-121,117
34,4.086,-121,118
34,4.101,-122,118
34,4.118,-122,119
34,4.134,-122,120
34,4.157,-123,121
34,4.188,-123,122
34,4.202,-123,123
34,4.221,-123,124
34,4.242,-123,125
34,4.266,-124,126
34,4.291,-124,127
34,4.314,-125,128
34,4.332,-125,130
34,4.365,-125,131
34,4.382,-125,132
34,4.400,-126,133
34,4.416,-126,134
34,4.433,-126,135
34,4.450,-126,136
34,4.467,-127,138
34,4.483,-127,139
34,4.516,-127,140
34,4.533,-127,142
34,4.567,-128,144
34,4.600,-128,145
34,4.616,-129,146
34,4.634,-129,147
34,4.650,-129,148
34,4.667,-129,149
34,4.683,-130,150
34,4.700,-130,151
34,4.716,-131,152
34,4.733,-131,153
34,4.749,-131,154
34,4.783,-131,156
34,4.799,-132,157
34,4.817,-132,158
34,4.833,-133,159
34,4.849,-133,160
34,4.866,-133,162
34,4.883,-134,163
34,4.899,-135,164
34,4.917,-135,166
34,4.933,-137,167
34,4.950,-137,168
34,4.966,-138,169
34,4.983,-139,170
34,5.000,-139,172
34,5.017,-140,173
34,5.033,-141,174
34,5.050,-141,175
34,5.066,-141,176
34,5.083,-142,178
34,5.116,-143,179
34,5.133,-143,180
34,5.150,-143,181
34,5.166,-143,182
34,5.200,-143,184
34,5.216,-143,185
34,5.233,-143,186
34,5.250,-144,186
34,5.266,-144,187
34,5.283,-144,188
34,5.316,-144,190
34,5.349,-144,191
34,5.382,-144,192
34,5.399,-145,193
34,5.416,-145,194
34,5.449,-145,195
34,5.466,-145,196
34,5.482,-145,197
34,5.516,-145,198
34,5.534,-146,199
34,5.552,-146,200
34,5.597,-146,202
34,5.648,-146,204
34,5.682,-147,206
34,5.715,-147,207
34,5.732,-147,208
34,5.748,-147,210
34,5.781,-147,212
34,5.798,-147,214
34,5.815,-147,216
34,5.848,-147,218
34,5.865,-147,219
34,5.882,-147,221
34,5.906,-148,222
34,5.933,-148,225
34,5.952,-148,227
34,5.970,-148,228
34,5.988,-147,231
34,6.006,-147,232
34,6.031,-147,234
34,6.050,-147,236
34,6.068,-146,237
34,6.085,-146,238
34,6.104,-145,240
34,6.123,-144,240
35,0.001,0,-282
35,0.218,0,-281
35,0.235,0,-280
35,0.268,0,-279
35,0.285,0,-278
35,0.302,-1,-276
35,0.335,-1,-274
35,0.352,-1,-272
35,0.368,-1,-270
35,0.384,-1,-269
35,0.417,-2,-265
35,0.433,-2,-264
35,0.450,-2,-262
35,0.466,-2,-260
35,0.483,-3,-258
35,0.516,-3,-255
35,0.533,-3,-253
35,0.550,-4,-251
35,0.568,-4,-248
35,0.602,-5,-246
35,0.620,-5,-244
35,0.637,-5,-242
35,0.652,-6,-240
35,0.670,-6,-238
35,0.685,-7,-237
35,0.702,-7,-235
35,0.718,-7,-234
35,0.735,-7,-232
35,0.751,-7,-230
35,0.771,-7,-228
35,0.800,-8,-225
35,0.818,-8,-223
35,0.838,-8,-222
35,0.856,-9,-220
35,0.868,-9,-219
35,0.886,-9,-217
35,0.902,-9,-215
35,0.920,-9,-214
35,0.935,-9,-212
35,0.953,-10,-210
35,0.969,-10,-208
35,0.990,-10,-205
35,1.006,-11,-202
35,1.018,-11,-201
35,1.035,-11,-198
35,1.052,-11,-197
35,1.069,-11,-194
35,1.085,-11,-190
35,1.102,-11,-185
35,1.118,-11,-183
35,1.136,-11,-179
35,1.152,-10,-174
35,1.169,-9,-169
35,1.185,-9,-166
35,1.202,-7,-162
35,1.218,-5,-156
35,1.249,-1,-147
35,1.268,1,-142
35,1.284,3,-136
35,1.302,5,-130
35,1.328,7,-126
35,1.349,9,-120
35,1.368,12,-116
35,1.385,13,-114
35,1.401,15,-111
35,1.419,17,-108
35,1.434,20,-104
35,1.451,21,-102
35,1.468,23,-100
35,1.485,25,-96
35,1.516,27,-90
35,1.535,30,-87
35,1.551,33,-84
35,1.569,35,-80
35,1.584,37,-78
35,1.602,39,-75
35,1.618,41,-71
35,1.636,43,-68
35,1.651,44,-66
35,1.670,47,-63
35,1.689,50,-60
35,1.701,53,-56
35,1.719,55,-54
35,1.735,58,-50
35,1.752,60,-48
35,1.768,63,-44
35,1.786,64,-43
35,1.801,67,-40
35,1.818,69,-36
35,1.835,73,-33
35,1.855,76,-30
35,1.883,80,-26
35,1.901,82,-24
35,1.923,85,-21
35,1.948,89,-16
35,1.967,91,-15
35,1.983,94,-12
35,2.000,97,-10
35,2.017,99,-7
35,2.033,100,-6
35,2.050,103,-4
35,2.067,105,-1
35,2.083,108,2
35,2.100,109,3
35,2.117,112,5
35,2.133,114,8
35,2.150,117,9
35,2.168,118,11
35,2.185,119,12
35,2.201,121,14
35,2.219,123,16
35,2.235,125,18
35,2.252,126,19
35,2.268,129,21
35,2.285,131,23
35,2.301,133,24
35,2.321,135,26
35,2.343,137,28
35,2.366,139,30
35,2.384,140,32
35,2.403,143,34
35,2.418,145,36
35,2.437,147,37
35,2.451,149,38
35,2.471,151,40
35,2.484,153,42
35,2.502,155,44
35,2.517,156,45
35,2.535,158,47
35,2.553,161,49
35,2.567,163,52
35,2.585,165,53
35,2.601,169,56
35,2.619,171,58
35,2.634,174,60
35,2.653,175,62
35,2.668,178,65
35,2.688,181,68
35,2.701,185,71
35,2.718,187,72
35,2.734,191,76
35,2.752,193,78
35,2.770,196,81
35,2.784,198,82
35,2.802,201,86
35,2.817,205,89
35,2.835,209,92
35,2.852,211,93
35,2.870,213,96
35,2.884,216,99
35,2.901,219,102
35,2.918,220,103
35,2.935,223,106
35,2.951,227,108
35,2.968,230,111
35,2.986,231,112
35,2.999,233,114
35,3.016,235,117
35,3.033,237,119
35,3.050,239,120
35,3.067,241,122
35,3.083,245,124
35,3.099,246,126
35,3.117,249,128
35,3.134,251,130
35,3.152,253,132
35,3.171,255,134
35,3.184,255,135
35,3.202,257,136
35,3.218,259,138
35,3.235,261,140
35,3.251,262,141
35,3.269,264,144
35,3.284,266,146
35,3.301,268,148
35,3.318,269,148
35,3.337,270,150
35,3.352,271,152
35,3.367,272,152
35,3.383,273,154
35,3.400,274,156
35,3.417,275,158
35,3.433,276,160
35,3.468,277,162
35,3.485,279,163
35,3.501,280,165
35,3.518,281,166
35,3.534,282,168
35,3.551,283,169
35,3.568,285,170
35,3.587,285,172
35,3.617,286,174
35,3.635,287,175
35,3.650,287,176
35,3.669,288,177
35,3.685,289,178
35,3.703,289,180
35,3.717,289,181
35,3.736,290,182
35,3.750,291,184
35,3.768,291,185
35,3.784,291,186
35,3.802,291,187
35,3.820,291,188
35,3.834,291,189
35,3.849,291,190
35,3.866,291,191
35,3.883,292,192
35,3.916,292,194
35,3.933,292,195
35,3.949,292,196
35,3.966,293,197
35,3.983,293,198
35,4.000,293,200
35,4.016,293,201
35,4.033,293,202
35,4.049,293,203
35,4.066,293,204
35,4.084,293,206
35,4.115,294,208
35,4.134,294,210
35,4.150,295,212
35,4.169,295,214
35,4.184,295,216
35,4.207,296,219
35,4.225,297,221
35,4.248,297,223
35,4.267,299,225
35,4.288,299,227
35,4.300,300,229
35,4.318,301,230
35,4.334,302,232
35,4.350,303,234
35,4.368,305,236
35,4.388,306,238
35,4.400,307,239
35,4.418,307,240
35,4.434,308,241
35,4.450,309,241
36,0.000,-3,-282
36,0.118,-3,-281
36,0.168,-3,-280
36,0.221,-3,-279
36,0.236,-3,-278
36,0.253,-3,-277
36,0.270,-3,-276
36,0.287,-3,-274
36,0.302,-3,-272
36,0.320,-3,-270
36,0.336,-3,-268
36,0.368,-3,-264
36,0.385,-3,-261
36,0.402,-3,-258
36,0.418,-3,-256
36,0.435,-3,-254
36,0.451,-3,-250
36,0.468,-3,-247
36,0.485,-3,-244
36,0.502,-3,-242
36,0.518,-3,-239
36,0.535,-3,-236
36,0.551,-4,-234
36,0.570,-4,-232
36,0.599,-3,-226
36,0.618,-3,-224
36,0.635,-3,-223
36,0.652,-3,-221
36,0.668,-3,-219
36,0.685,-3,-216
36,0.718,-3,-214
36,0.735,-3,-212
36,0.751,-3,-210
36,0.785,-3,-208
36,0.801,-3,-206
36,0.818,-3,-204
36,0.852,-3,-202
36,0.868,-3,-200
36,0.884,-3,-199
36,0.900,-3,-197
36,0.917,-3,-195
36,0.933,-3,-193
36,0.950,-3,-192
36,0.966,-3,-190
36,0.983,-2,-187
36,1.000,-1,-184
36,1.017,-1,-183
36,1.034,-1,-181
36,1.051,-1,-179
36,1.067,-1,-176
36,1.084,0,-174
36,1.101,0,-173
36,1.118,0,-171
36,1.134,1,-168
36,1.151,1,-167
36,1.168,1,-165
36,1.185,2,-163
36,1.201,3,-161
36,1.218,3,-159
36,1.234,3,-158
36,1.252,3,-156
36,1.268,3,-154
36,1.284,3,-150
36,1.301,3,-149
36,1.318,3,-146
36,1.335,4,-144
36,1.351,4,-142
36,1.369,4,-140
36,1.384,4,-138
36,1.401,4,-134
36,1.418,4,-130
36,1.435,4,-128
36,1.451,5,-125
36,1.468,5,-122
36,1.485,5,-120
36,1.501,4,-116
36,1.518,4,-111
36,1.534,4,-108
36,1.551,4,-104
36,1.567,4,-102
36,1.586,3,-98
36,1.601,3,-94
36,1.618,3,-91
36,1.634,3,-90
36,1.651,3,-86
36,1.668,3,-84
36,1.684,3,-82
36,1.701,2,-80
36,1.718,1,-76
36,1.734,1,-74
36,1.751,1,-72
36,1.768,1,-70
36,1.784,1,-69
36,1.801,0,-67
36,1.817,0,-65
36,1.836,0,-64
36,1.851,-1,-62
36,1.874,-1,-60
36,1.899,-1,-58
36,1.918,-1,-56
36,1.934,-1,-54
36,1.951,-2,-53
36,1.968,-2,-52
36,1.985,-3,-50
36,2.001,-3,-48
36,2.018,-5,-46
36,2.034,-5,-45
36,2.052,-7,-42
36,2.068,-7,-40
36,2.085,-8,-38
36,2.101,-9,-36
36,2.118,-10,-34
36,2.134,-11,-31
36,2.151,-12,-29
36,2.168,-12,-28
36,2.184,-13,-26
36,2.201,-15,-23
36,2.218,-17,-20
36,2.234,-17,-19
36,2.251,-19,-16
36,2.268,-21,-13
36,2.284,-24,-10
36,2.301,-25,-9
36,2.318,-27,-6
36,2.334,-29,-4
36,2.352,-31,-1
36,2.368,-31,1
36,2.384,-33,4
36,2.401,-35,6
36,2.418,-37,10
36,2.434,-39,11
36,2.451,-42,14
36,2.467,-44,16
36,2.484,-46,19
36,2.500,-47,20
36,2.518,-49,23
36,2.535,-51,26
36,2.551,-53,28
36,2.567,-53,30
36,2.584,-56,32
36,2.601,-59,34
36,2.618,-61,36
36,2.634,-63,38
36,2.651,-65,40
36,2.668,-66,42
36,2.684,-67,44
36,2.701,-68,44
36,2.718,-69,46
36,2.734,-70,48
36,2.751,-71,49
36,2.767,-72,50
36,2.784,-73,52
36,2.801,-75,53
36,2.817,-77,54
36,2.834,-77,56
36,2.851,-79,57
36,2.867,-80,58
36,2.885,-81,59
36,2.901,-81,60
36,2.917,-83,60
36,2.934,-83,62
36,2.951,-84,62
36,2.967,-85,63
36,2.984,-86,64
36,3.001,-87,66
36,3.034,-88,67
36,3.051,-89,68
36,3.067,-89,70
36,3.084,-90,71
36,3.100,-91,72
36,3.117,-93,74
36,3.134,-95,76
36,3.151,-96,78
36,3.168,-97,78
36,3.185,-98,80
36,3.200,-100,81
36,3.217,-101,82
36,3.234,-103,84
36,3.251,-104,85
36,3.267,-105,86
36,3.284,-106,88
36,3.300,-107,89
36,3.317,-108,91
36,3.334,-110,93
36,3.351,-111,95
36,3.367,-113,96
36,3.384,-115,98
36,3.400,-117,99
36,3.417,-119,101
36,3.434,-120,102
36,3.451,-122,104
36,3.467,-123,106
36,3.484,-124,107
36,3.501,-125,109
36,3.517,-127,111
36,3.534,-129,113
36,3.551,-129,114
36,3.568,-131,116
36,3.584,-133,119
36,3.600,-135,121
36,3.618,-138,124
36,3.634,-139,125
36,3.650,-141,127
36,3.667,-143,129
36,3.684,-144,131
36,3.701,-145,132
36,3.717,-146,134
36,3.734,-147,136
36,3.750,-148,138
36,3.767,-149,138
36,3.784,-149,140
36,3.802,-151,142
36,3.817,-152,143
36,3.834,-153,144
36,3.851,-154,145
36,3.867,-155,146
36,3.883,-156,146
36,3.902,-157,148
36,3.917,-159,149
36,3.934,-159,150
36,3.950,-161,151
36,3.967,-161,152
36,3.984,-161,153
36,4.000,-162,154
36,4.017,-163,155
36,4.033,-163,156
36,4.051,-164,156
36,4.067,-165,158
36,4.084,-165,159
36,4.117,-166,160
36,4.134,-167,162
36,4.167,-167,163
36,4.184,-169,164
36,4.200,-169,166
36,4.217,-170,166
36,4.233,-171,168
36,4.250,-173,170
36,4.267,-174,172
36,4.284,-175,173
36,4.300,-175,174
36,4.317,-177,176
36,4.334,-178,178
36,4.350,-179,180
36,4.368,-179,181
36,4.383,-181,183
36,4.400,-181,185
36,4.417,-182,187
36,4.433,-182,188
36,4.450,-183,190
36,4.467,-183,192
36,4.483,-183,193
36,4.500,-184,196
36,4.517,-184,198
36,4.533,-185,200
36,4.550,-185,202
36,4.568,-185,203
36,4.584,-185,205
36,4.600,-186,208
36,4.617,-186,209
36,4.633,-187,212
36,4.650,-187,214
36,4.667,-187,217
36,4.683,-187,218
36,4.700,-187,221
36,4.718,-186,224
36,4.734,-186,228
36,4.750,-185,232
36,4.767,-185,234
36,4.785,-185,237
36,4.805,-185,240
36,4.817,-185,243
36,4.835,-185,244
36,4.851,-185,248
36,4.868,-183,253
37,0.001,-5,-278
37,0.167,-5,-277
37,0.183,-5,-276
37,0.200,-5,-275
37,0.216,-5,-273
37,0.233,-5,-270
37,0.268,-6,-267
37,0.300,-7,-262
37,0.316,-7,-261
37,0.333,-7,-259
37,0.350,-8,-256
37,0.367,-8,-254
37,0.383,-8,-253
37,0.400,-8,-251
37,0.417,-8,-249
37,0.433,-8,-247
37,0.450,-9,-245
37,0.466,-9,-244
37,0.484,-9,-242
37,0.501,-9,-240
37,0.533,-9,-238
37,0.549,-9,-236
37,0.566,-9,-235
37,0.582,-9,-234
37,0.599,-9,-233
37,0.616,-9,-232
37,0.633,-9,-230
37,0.649,-9,-229
37,0.665,-9,-228
37,0.682,-9,-226
37,0.699,-9,-224
37,0.732,-9,-222
37,0.749,-9,-221
37,0.766,-9,-220
37,0.782,-9,-219
37,0.799,-9,-218
37,0.816,-9,-216
37,0.833,-9,-214
37,0.865,-8,-212
37,0.882,-8,-210
37,0.899,-8,-209
37,0.915,-8,-208
37,0.932,-7,-206
37,0.949,-7,-205
37,0.966,-7,-204
37,0.982,-7,-203
37,0.999,-7,-202
37,1.016,-7,-200
37,1.032,-7,-199
37,1.049,-7,-198
37,1.066,-7,-197
37,1.082,-7,-195
37,1.099,-7,-194
37,1.115,-6,-192
37,1.133,-6,-191
37,1.149,-5,-189
37,1.165,-5,-187
37,1.182,-5,-186
37,1.199,-5,-184
37,1.215,-4,-182
37,1.232,-3,-180
37,1.250,-3,-178
37,1.284,-2,-176
37,1.304,-1,-173
37,1.317,-1,-171
37,1.336,0,-168
37,1.354,0,-167
37,1.367,1,-165
37,1.383,1,-164
37,1.399,3,-162
37,1.416,3,-160
37,1.433,4,-157
37,1.450,5,-155
37,1.466,5,-154
37,1.483,5,-151
37,1.500,6,-148
37,1.516,7,-146
37,1.533,7,-144
37,1.550,8,-142
37,1.566,9,-138
37,1.583,9,-136
37,1.600,11,-133
37,1.616,13,-129
37,1.633,14,-125
37,1.649,15,-124
37,1.666,17,-120
37,1.683,19,-116
37,1.700,21,-111
37,1.716,21,-109
37,1.733,23,-105
37,1.749,25,-101
37,1.766,25,-96
37,1.784,27,-92
37,1.800,28,-90
37,1.816,30,-85
37,1.833,32,-81
37,1.849,35,-76
37,1.866,36,-74
37,1.883,38,-70
37,1.901,40,-66
37,1.920,42,-62
37,1.933,43,-61
37,1.950,43,-57
37,1.966,45,-54
37,1.982,45,-52
37,1.999,47,-48
37,2.016,49,-45
37,2.033,50,-42
37,2.049,52,-38
37,2.067,53,-36
37,2.083,55,-33
37,2.099,57,-30
37,2.116,58,-28
37,2.132,59,-25
37,2.149,61,-22
37,2.166,61,-20
37,2.182,62,-18
37,2.199,63,-14
37,2.216,65,-12
37,2.232,66,-8
37,2.249,69,-5
37,2.266,69,-3
37,2.283,72,0
37,2.301,73,3
37,2.318,75,6
37,2.332,77,8
37,2.349,78,11
37,2.366,80,14
37,2.382,80,15
37,2.399,81,18
37,2.417,83,20
37,2.436,83,24
37,2.450,85,27
37,2.475,87,30
37,2.498,89,34
37,2.517,91,37
37,2.535,91,39
37,2.550,93,42
37,2.567,95,46
37,2.583,97,49
37,2.602,97,51
37,2.617,99,54
37,2.636,100,58
37,2.654,101,62
37,2.667,101,64
37,2.685,103,67
37,2.700,104,70
37,2.723,106,74
37,2.734,107,76
37,2.753,109,80
37,2.767,111,83
37,2.784,113,87
37,2.801,113,88
37,2.818,115,91
37,2.833,117,94
37,2.851,118,98
37,2.867,118,99
37,2.883,119,102
37,2.901,121,105
37,2.917,122,108
37,2.934,123,109
37,2.951,125,112
37,2.971,126,114
37,2.983,127,117
37,3.002,129,119
37,3.017,130,120
37,3.034,131,123
37,3.050,133,125
37,3.071,135,127
37,3.097,137,130
37,3.116,137,131
37,3.132,138,132
37,3.149,139,134
37,3.165,140,137
37,3.182,140,138
37,3.199,141,140
37,3.216,143,142
37,3.232,145,145
37,3.250,146,147
37,3.266,147,148
37,3.286,149,150
37,3.303,151,152
37,3.317,152,154
37,3.338,153,156
37,3.351,154,158
37,3.373,156,160
37,3.384,157,163
37,3.401,157,164
37,3.417,159,166
37,3.435,161,168
37,3.450,162,171
37,3.472,163,174
37,3.499,166,178
37,3.517,169,181
37,3.534,169,182
37,3.551,172,185
37,3.566,174,188
37,3.584,176,191
37,3.601,177,192
37,3.618,179,196
37,3.633,181,199
37,3.651,184,202
37,3.666,185,204
37,3.684,189,206
37,3.700,191,209
37,3.728,194,213
37,3.752,195,216
37,3.769,197,218
37,3.784,199,220
37,3.801,200,222
37,3.823,203,226
37,3.846,205,228
37,3.865,207,231
37,3.882,211,236
37,3.899,219,246
37,3.915,223,250
37,3.932,229,257
37,3.949,233,262
37,3.965,235,264
38,0.001,-1,-280
38,0.233,-1,-278
38,0.266,-2,-278
38,0.283,-2,-276
38,0.316,-3,-274
38,0.333,-3,-271
38,0.351,-3,-268
38,0.383,-3,-265
38,0.400,-3,-262
38,0.416,-4,-259
38,0.434,-4,-255
38,0.457,-5,-252
38,0.468,-5,-250
38,0.487,-5,-247
38,0.501,-4,-244
38,0.523,-4,-241
38,0.544,-4,-238
38,0.564,-4,-236
38,0.583,-4,-234
38,0.600,-4,-232
38,0.616,-3,-230
38,0.633,-4,-230
38,0.649,-3,-228
38,0.666,-3,-226
38,0.683,-3,-225
38,0.701,-3,-224
38,0.717,-3,-223
38,0.736,-3,-222
38,0.751,-3,-220
38,0.771,-4,-218
38,0.791,-4,-217
38,0.801,-4,-216
38,0.819,-4,-215
38,0.834,-4,-213
38,0.851,-4,-212
38,0.868,-4,-210
38,0.887,-4,-209
38,0.901,-4,-207
38,0.916,-4,-206
38,0.933,-5,-204
38,0.950,-5,-203
38,0.967,-5,-201
38,0.983,-5,-200
38,0.999,-6,-198
38,1.015,-6,-196
38,1.032,-7,-195
38,1.048,-7,-193
38,1.066,-7,-191
38,1.082,-7,-188
38,1.100,-8,-186
38,1.116,-8,-185
38,1.133,-9,-183
38,1.151,-9,-181
38,1.168,-10,-179
38,1.184,-10,-178
38,1.204,-11,-176
38,1.232,-11,-172
38,1.250,-11,-170
38,1.270,-11,-167
38,1.287,-12,-164
38,1.301,-12,-162
38,1.319,-12,-160
38,1.335,-13,-158
38,1.353,-13,-154
38,1.367,-13,-152
38,1.391,-13,-148
38,1.410,-13,-146
38,1.432,-13,-141
38,1.455,-13,-138
38,1.473,-14,-135
38,1.484,-14,-133
38,1.501,-14,-132
38,1.517,-14,-128
38,1.542,-15,-124
38,1.565,-15,-121
38,1.584,-15,-117
38,1.602,-16,-114
38,1.617,-16,-110
38,1.639,-16,-106
38,1.656,-16,-103
38,1.667,-17,-101
38,1.686,-17,-97
38,1.701,-17,-93
38,1.716,-17,-91
38,1.733,-17,-88
38,1.749,-17,-84
38,1.766,-17,-82
38,1.783,-17,-76
38,1.799,-17,-72
38,1.816,-17,-67
38,1.832,-18,-64
38,1.849,-19,-59
38,1.866,-19,-54
38,1.882,-19,-50
38,1.899,-19,-48
38,1.916,-20,-43
38,1.933,-21,-39
38,1.949,-21,-35
38,1.966,-21,-34
38,1.982,-21,-30
38,1.999,-21,-27
38,2.016,-21,-23
38,2.032,-21,-22
38,2.049,-21,-18
38,2.066,-21,-14
38,2.083,-21,-12
38,2.099,-21,-10
38,2.115,-21,-8
38,2.132,-21,-4
38,2.149,-22,-2
38,2.165,-22,0
38,2.182,-22,3
38,2.199,-23,6
38,2.215,-23,8
38,2.232,-23,10
38,2.249,-24,12
38,2.267,-25,16
38,2.289,-25,20
38,2.307,-27,24
38,2.333,-29,30
38,2.357,-30,35
38,2.379,-31,39
38,2.401,-31,43
38,2.418,-31,46
38,2.437,-32,50
38,2.451,-33,52
38,2.470,-33,56
38,2.486,-34,60
38,2.499,-35,62
38,2.515,-35,65
38,2.532,-36,69
38,2.549,-37,72
38,2.566,-38,74
38,2.582,-39,78
38,2.601,-40,82
38,2.621,-41,85
38,2.633,-41,88
38,2.653,-43,90
38,2.667,-43,92
38,2.682,-44,94
38,2.699,-45,96
38,2.715,-45,98
38,2.732,-47,101
38,2.749,-47,103
38,2.767,-49,106
38,2.805,-50,110
38,2.836,-51,112
38,2.851,-51,114
38,2.874,-51,117
38,2.893,-52,119
38,2.915,-53,121
38,2.937,-53,123
38,2.956,-54,125
38,2.968,-55,127
38,2.989,-57,129
38,3.001,-57,130
38,3.024,-59,133
38,3.048,-60,134
38,3.070,-61,136
38,3.093,-63,138
38,3.114,-64,140
38,3.133,-65,142
38,3.150,-66,143
38,3.165,-66,144
38,3.181,-67,146
38,3.198,-67,147
38,3.214,-68,148
38,3.231,-68,149
38,3.248,-69,150
38,3.264,-69,152
38,3.282,-70,154
38,3.298,-71,155
38,3.314,-71,156
38,3.331,-72,158
38,3.348,-73,160
38,3.364,-73,161
38,3.382,-75,163
38,3.398,-77,165
38,3.414,-78,167
38,3.431,-79,168
38,3.448,-81,170
38,3.467,-82,172
38,3.487,-83,174
38,3.500,-84,174
38,3.520,-86,177
38,3.533,-87,178
38,3.556,-87,180
38,3.575,-88,182
38,3.599,-89,184
38,3.619,-90,186
38,3.639,-91,188
38,3.650,-92,189
38,3.669,-93,191
38,3.684,-95,193
38,3.704,-96,195
38,3.715,-97,196
38,3.732,-99,198
38,3.748,-100,200
38,3.765,-101,202
38,3.782,-102,204
38,3.799,-103,206
38,3.815,-105,208
38,3.832,-105,210
38,3.848,-106,212
38,3.865,-107,215
38,3.882,-107,218
38,3.915,-108,221
38,3.932,-108,224
38,3.948,-109,227
38,3.965,-109,229
38,3.982,-109,233
38,3.998,-109,236
38,4.015,-109,240
38,4.033,-109,244
38,4.048,-109,245
38,4.065,-109,248
38,4.082,-109,250
38,4.098,-109,252
38,4.115,-109,254
39,0.001,-4,-283
39,0.167,-4,-282
39,0.183,-4,-281
39,0.200,-4,-280
39,0.217,-4,-278
39,0.251,-4,-275
39,0.268,-5,-272
39,0.284,-5,-269
39,0.316,-5,-265
39,0.335,-5,-262
39,0.351,-5,-259
39,0.366,-5,-258
39,0.383,-5,-254
39,0.400,-5,-251
39,0.416,-5,-248
39,0.433,-5,-246
39,0.449,-5,-244
39,0.466,-5,-242
39,0.483,-5,-239
39,0.499,-4,-238
39,0.516,-4,-236
39,0.533,-4,-234
39,0.552,-4,-233
39,0.567,-4,-232
39,0.583,-4,-231
39,0.600,-4,-230
39,0.617,-4,-229
39,0.633,-4,-228
39,0.650,-4,-227
39,0.667,-4,-226
39,0.683,-5,-225
39,0.701,-5,-223
39,0.716,-5,-222
39,0.732,-5,-221
39,0.749,-5,-219
39,0.766,-5,-218
39,0.782,-6,-216
39,0.799,-6,-214
39,0.817,-6,-212
39,0.834,-6,-210
39,0.850,-6,-208
39,0.867,-5,-206
39,0.883,-5,-204
39,0.900,-5,-202
39,0.917,-5,-200
39,0.935,-4,-198
39,0.955,-3,-195
39,0.966,-3,-193
39,0.983,-2,-190
39,0.999,-1,-188
39,1.016,0,-185
39,1.035,1,-183
39,1.051,2,-182
39,1.069,3,-179
39,1.084,3,-177
39,1.103,4,-175
39,1.117,5,-174
39,1.136,5,-170
39,1.154,7,-166
39,1.168,8,-162
39,1.186,9,-160
39,1.201,11,-156
39,1.218,13,-151
39,1.234,16,-146
39,1.252,17,-144
39,1.268,20,-140
39,1.286,22,-136
39,1.301,23,-132
39,1.321,25,-127
39,1.349,29,-121
39,1.367,31,-117
39,1.386,33,-114
39,1.403,35,-111
39,1.417,38,-107
39,1.437,40,-104
39,1.451,41,-102
39,1.472,43,-100
39,1.483,43,-97
39,1.500,45,-95
39,1.517,46,-91
39,1.534,49,-88
39,1.550,51,-85
39,1.566,52,-83
39,1.582,54,-80
39,1.599,57,-78
39,1.615,58,-75
39,1.632,59,-74
39,1.649,61,-71
39,1.666,62,-68
39,1.682,64,-66
39,1.699,65,-64
39,1.715,67,-61
39,1.732,70,-58
39,1.749,73,-54
39,1.766,74,-52
39,1.783,76,-49
39,1.799,79,-46
39,1.815,80,-43
39,1.832,81,-42
39,1.849,83,-39
39,1.865,85,-36
39,1.882,87,-32
39,1.899,88,-30
39,1.915,90,-28
39,1.932,93,-24
39,1.949,95,-21
39,1.965,96,-20
39,1.982,97,-16
39,1.999,99,-12
39,2.015,101,-9
39,2.032,102,-7
39,2.049,104,-4
39,2.065,106,0
39,2.083,108,4
39,2.100,111,8
39,2.116,112,10
39,2.133,115,13
39,2.150,117,16
39,2.166,117,18
39,2.183,119,21
39,2.200,121,24
39,2.217,123,28
39,2.234,125,31
39,2.250,127,33
39,2.268,129,36
39,2.284,131,39
39,2.305,133,42
39,2.317,135,44
39,2.335,137,47
39,2.350,138,50
39,2.367,140,54
39,2.384,141,55
39,2.401,143,59
39,2.417,146,62
39,2.434,149,67
39,2.451,151,69
39,2.467,154,73
39,2.484,157,77
39,2.500,159,82
39,2.517,161,84
39,2.534,165,90
39,2.551,169,95
39,2.567,173,100
39,2.585,174,103
39,2.601,177,108
39,2.619,179,112
39,2.649,182,119
39,2.667,185,123
39,2.684,187,127
39,2.700,189,132
39,2.717,190,133
39,2.738,192,137
39,2.750,193,141
39,2.767,195,144
39,2.784,195,146
39,2.800,197,150
39,2.817,197,153
39,2.834,199,156
39,2.850,199,158
39,2.867,200,160
39,2.884,201,163
39,2.900,203,166
39,2.917,204,167
39,2.934,205,170
39,2.951,207,172
39,2.967,208,174
39,2.984,209,175
39,3.001,209,177
39,3.019,210,179
39,3.034,211,181
39,3.051,212,182
39,3.067,213,184
39,3.088,214,186
39,3.105,214,187
39,3.117,215,188
39,3.135,215,190
39,3.150,215,192
39,3.168,216,194
39,3.184,216,195
39,3.202,217,197
39,3.217,217,199
39,3.235,217,200
39,3.250,217,202
39,3.268,219,204
39,3.284,220,206
39,3.301,221,209
39,3.320,222,210
39,3.333,223,212
39,3.351,225,215
39,3.367,227,218
39,3.384,228,219
39,3.401,230,221
39,3.432,232,224
39,3.450,233,226
39,3.467,234,228
39,3.486,235,231
39,3.503,235,233
39,3.517,236,234
39,3.534,237,236
39,3.550,238,238
39,3.567,239,240
39,3.584,239,242
39,3.601,241,244
39,3.617,242,246
39,3.634,243,247
39,3.650,243,248
39,3.667,243,250
39,3.683,244,251
39,3.700,245,252
40,0.001,-5,-282
40,0.153,-5,-280
40,0.220,-5,-278
40,0.236,-5,-277
40,0.253,-5,-276
40,0.271,-5,-273
40,0.286,-5,-272
40,0.303,-6,-270
40,0.320,-6,-267
40,0.352,-6,-262
40,0.369,-7,-260
40,0.384,-7,-257
40,0.400,-7,-256
40,0.417,-7,-253
40,0.434,-7,-250
40,0.451,-7,-248
40,0.468,-7,-245
40,0.484,-7,-244
40,0.501,-7,-242
40,0.518,-7,-240
40,0.534,-7,-239
40,0.551,-7,-238
40,0.568,-7,-236
40,0.584,-7,-234
40,0.603,-7,-232
40,0.619,-6,-232
40,0.637,-6,-230
40,0.651,-6,-229
40,0.668,-6,-228
40,0.685,-6,-227
40,0.701,-6,-226
40,0.718,-6,-224
40,0.734,-6,-223
40,0.751,-6,-222
40,0.768,-7,-220
40,0.784,-7,-218
40,0.801,-7,-217
40,0.818,-7,-215
40,0.835,-7,-213
40,0.851,-7,-211
40,0.868,-7,-210
40,0.884,-7,-207
40,0.901,-8,-204
40,0.917,-8,-202
40,0.934,-8,-200
40,0.950,-8,-198
40,0.967,-8,-196
40,0.984,-8,-192
40,1.001,-7,-191
40,1.017,-7,-188
40,1.034,-7,-184
40,1.052,-7,-182
40,1.073,-6,-178
40,1.086,-5,-176
40,1.104,-3,-172
40,1.119,-1,-167
40,1.138,1,-162
40,1.152,2,-160
40,1.171,3,-155
40,1.190,5,-149
40,1.202,7,-144
40,1.220,8,-142
40,1.235,10,-136
40,1.253,13,-131
40,1.269,16,-126
40,1.286,17,-124
40,1.303,19,-120
40,1.322,21,-116
40,1.336,23,-112
40,1.362,24,-108
40,1.382,25,-105
40,1.402,27,-100
40,1.420,28,-99
40,1.437,30,-95
40,1.452,32,-92
40,1.472,34,-88
40,1.485,35,-87
40,1.505,37,-84
40,1.519,39,-81
40,1.538,40,-78
40,1.552,41,-76
40,1.571,42,-72
40,1.585,44,-69
40,1.602,45,-66
40,1.618,46,-64
40,1.637,49,-60
40,1.653,51,-57
40,1.668,53,-53
40,1.688,56,-49
40,1.702,57,-48
40,1.720,59,-44
40,1.735,61,-41
40,1.753,61,-39
40,1.769,63,-35
40,1.788,64,-31
40,1.802,66,-28
40,1.821,68,-24
40,1.845,70,-20
40,1.865,73,-16
40,1.884,75,-12
40,1.901,77,-9
40,1.917,79,-6
40,1.934,80,-4
40,1.951,81,-1
40,1.968,83,3
40,1.984,85,7
40,2.001,86,9
40,2.017,88,12
40,2.034,90,15
40,2.051,92,18
40,2.068,93,20
40,2.084,95,23
40,2.101,97,26
40,2.117,99,29
40,2.134,99,30
40,2.150,101,32
40,2.167,102,35
40,2.184,104,38
40,2.200,105,39
40,2.217,107,42
40,2.234,109,45
40,2.251,110,48
40,2.267,111,49
40,2.284,113,52
40,2.301,115,54
40,2.317,117,57
40,2.334,117,60
40,2.350,118,62
40,2.367,119,65
40,2.384,121,68
40,2.400,122,69
40,2.417,124,72
40,2.434,126,76
40,2.452,128,79
40,2.473,131,82
40,2.493,133,86
40,2.517,136,90
40,2.534,137,91
40,2.550,138,94
40,2.567,139,97
40,2.584,141,100
40,2.601,143,103
40,2.617,144,105
40,2.634,147,108
40,2.650,149,111
40,2.667,151,114
40,2.684,152,116
40,2.700,154,120
40,2.717,156,123
40,2.734,158,126
40,2.752,159,128
40,2.773,163,133
40,2.785,164,135
40,2.804,167,139
40,2.819,169,141
40,2.833,173,145
40,2.850,175,148
40,2.866,177,150
40,2.883,179,154
40,2.901,183,158
40,2.917,187,162
40,2.934,189,164
40,2.951,191,166
40,2.967,193,168
40,2.984,195,171
40,3.000,197,173
40,3.017,197,174
40,3.034,199,177
40,3.050,200,179
40,3.067,201,181
40,3.084,202,182
40,3.101,203,184
40,3.118,205,186
40,3.134,206,187
40,3.150,207,189
40,3.168,209,191
40,3.184,210,193
40,3.201,211,195
40,3.217,211,196
40,3.234,213,198
40,3.250,214,200
40,3.267,215,201
40,3.284,216,203
40,3.301,217,204
40,3.317,218,206
40,3.334,220,208
40,3.350,221,209
40,3.367,222,211
40,3.384,223,213
40,3.400,224,214
40,3.417,226,216
40,3.434,227,218
40,3.451,229,220
40,3.467,231,222
40,3.490,231,224
40,3.515,233,227
40,3.534,233,230
40,3.550,234,230
40,3.567,235,233
40,3.584,235,236
40,3.601,235,238
40,3.634,236,240
40,3.650,237,242
41,0.001,-2,-280
41,0.179,-1,-279
41,0.190,-1,-278
41,0.217,-1,-276
41,0.233,-1,-275
41,0.251,-1,-272
41,0.267,-2,-269
41,0.301,-2,-263
41,0.317,-2,-262
41,0.334,-2,-258
41,0.351,-1,-254
41,0.368,-1,-250
41,0.385,-1,-248
41,0.405,-1,-245
41,0.418,-1,-244
41,0.440,1,-240
41,0.459,1,-237
41,0.470,1,-236
41,0.490,1,-234
41,0.502,1,-232
41,0.521,2,-230
41,0.550,2,-228
41,0.567,2,-226
41,0.600,3,-225
41,0.617,3,-224
41,0.634,3,-223
41,0.650,3,-222
41,0.667,3,-220
41,0.684,3,-218
41,0.717,3,-216
41,0.734,3,-214
41,0.751,3,-212
41,0.771,3,-209
41,0.784,3,-208
41,0.800,3,-206
41,0.817,3,-203
41,0.834,3,-201
41,0.850,2,-200
41,0.867,2,-197
41,0.884,1,-194
41,0.900,1,-192
41,0.917,1,-189
41,0.934,1,-186
41,0.950,0,-183
41,0.967,0,-182
41,0.984,-1,-178
41,1.000,-1,-176
41,1.017,-2,-172
41,1.034,-3,-171
41,1.054,-4,-166
41,1.068,-5,-165
41,1.088,-5,-162
41,1.101,-7,-160
41,1.124,-8,-157
41,1.144,-9,-154
41,1.167,-9,-150
41,1.192,-11,-145
41,1.215,-13,-141
41,1.234,-13,-139
41,1.250,-15,-136
41,1.267,-18,-132
41,1.284,-21,-128
41,1.300,-23,-126
41,1.317,-26,-122
41,1.334,-29,-118
41,1.353,-31,-114
41,1.372,-35,-110
41,1.400,-40,-104
41,1.421,-44,-100
41,1.435,-47,-96
41,1.455,-49,-93
41,1.467,-50,-91
41,1.483,-53,-88
41,1.500,-54,-86
41,1.517,-57,-82
41,1.533,-61,-78
41,1.552,-64,-76
41,1.567,-65,-74
41,1.583,-67,-71
41,1.600,-70,-68
41,1.617,-73,-64
41,1.634,-77,-60
41,1.650,-79,-59
41,1.667,-82,-56
41,1.683,-85,-52
41,1.700,-86,-51
41,1.717,-89,-48
41,1.734,-91,-44
41,1.750,-95,-41
41,1.767,-99,-37
41,1.785,-101,-35
41,1.804,-104,-31
41,1.823,-107,-27
41,1.834,-110,-23
41,1.852,-112,-21
41,1.868,-116,-17
41,1.887,-120,-13
41,1.901,-123,-9
41,1.920,-124,-7
41,1.935,-127,-4
41,1.955,-129,0
41,1.972,-132,4
41,1.984,-133,6
41,2.002,-136,9
41,2.019,-139,13
41,2.049,-142,18
41,2.068,-143,20
41,2.084,-145,24
41,2.102,-146,27
41,2.118,-147,29
41,2.135,-149,32
41,2.151,-151,36
41,2.170,-153,40
41,2.184,-155,41
41,2.207,-157,45
41,2.224,-161,50
41,2.250,-163,54
41,2.267,-165,57
41,2.283,-167,60
41,2.300,-169,64
41,2.317,-171,66
41,2.333,-174,70
41,2.350,-177,74
41,2.367,-179,78
41,2.383,-180,80
41,2.400,-182,84
41,2.417,-183,88
41,2.433,-185,89
41,2.450,-187,93
41,2.467,-189,97
41,2.483,-191,101
41,2.501,-195,104
41,2.516,-196,106
41,2.533,-199,109
41,2.551,-201,112
41,2.574,-203,116
41,2.594,-205,119
41,2.617,-209,124
41,2.637,-212,128
41,2.659,-215,131
41,2.683,-219,135
41,2.702,-221,138
41,2.719,-221,139
41,2.734,-223,142
41,2.754,-225,144
41,2.768,-227,147
41,2.784,-229,148
41,2.802,-232,150
41,2.820,-234,152
41,2.839,-236,154
41,2.851,-237,154
41,2.869,-239,156
41,2.884,-240,157
41,2.905,-241,158
41,2.917,-242,159
41,2.935,-243,160
41,2.951,-245,162
41,2.971,-247,163
41,2.984,-248,164
41,3.003,-250,166
41,3.018,-253,167
41,3.036,-255,169
41,3.051,-255,170
41,3.068,-257,171
41,3.099,-259,173
41,3.118,-260,174
41,3.134,-262,176
41,3.154,-263,177
41,3.167,-265,178
41,3.185,-266,179
41,3.201,-268,180
41,3.224,-271,182
41,3.247,-273,185
41,3.267,-275,186
41,3.285,-276,188
41,3.309,-277,189
41,3.332,-279,191
41,3.351,-280,192
41,3.368,-281,194
41,3.384,-281,195
41,3.403,-282,196
41,3.417,-283,198
41,3.433,-284,199
41,3.449,-285,201
41,3.466,-287,204
41,3.483,-287,207
41,3.499,-288,208
41,3.516,-288,211
41,3.533,-289,214
41,3.549,-289,216
41,3.566,-289,217
41,3.583,-289,220
41,3.599,-289,222
41,3.618,-289,225
41,3.633,-289,226
41,3.649,-289,228
41,3.666,-289,231
41,3.683,-289,233
41,3.699,-289,234
41,3.716,-288,236
41,3.733,-287,238
41,3.750,-287,240
41,3.784,-287,241
42,0.001,-2,-282
42,0.171,-2,-280
42,0.252,-2,-279
42,0.269,-2,-278
42,0.286,-2,-277
42,0.303,-3,-274
42,0.319,-3,-272
42,0.335,-3,-269
42,0.352,-3,-268
42,0.385,-3,-262
42,0.401,-4,-260
42,0.418,-4,-258
42,0.435,-5,-254
42,0.451,-5,-251
42,0.469,-5,-248
42,0.489,-5,-246
42,0.502,-5,-244
42,0.520,-5,-242
42,0.537,-5,-239
42,0.554,-5,-238
42,0.571,-5,-236
42,0.585,-5,-234
42,0.619,-4,-232
42,0.637,-4,-230
42,0.652,-4,-228
42,0.669,-4,-226
42,0.686,-3,-226
42,0.711,-3,-224
42,0.730,-3,-222
42,0.752,-3,-220
42,0.771,-3,-219
42,0.789,-2,-217
42,0.802,-2,-216
42,0.819,-2,-214
42,0.836,-2,-212
42,0.855,-1,-210
42,0.867,-1,-208
42,0.884,-1,-206
42,0.901,0,-203
42,0.918,1,-200
42,0.934,1,-199
42,0.951,2,-196
42,0.967,3,-194
42,0.984,3,-191
42,1.001,3,-189
42,1.017,4,-186
42,1.034,5,-184
42,1.051,5,-182
42,1.067,5,-180
42,1.084,5,-178
42,1.101,6,-176
42,1.117,6,-174
42,1.134,7,-172
42,1.151,7,-169
42,1.167,7,-166
42,1.184,8,-164
42,1.201,8,-163
42,1.217,9,-160
42,1.234,9,-158
42,1.251,10,-156
42,1.267,10,-154
42,1.284,11,-151
42,1.301,11,-148
42,1.317,11,-146
42,1.333,11,-144
42,1.350,12,-142
42,1.368,13,-140
42,1.385,13,-137
42,1.401,13,-136
42,1.417,13,-133
42,1.434,14,-130
42,1.451,14,-128
42,1.467,14,-126
42,1.484,14,-124
42,1.501,14,-122
42,1.517,14,-120
42,1.534,14,-119
42,1.551,14,-116
42,1.567,14,-114
42,1.584,13,-112
42,1.601,13,-110
42,1.617,13,-108
42,1.634,12,-105
42,1.651,11,-103
42,1.668,11,-102
42,1.684,10,-99
42,1.701,9,-96
42,1.718,9,-94
42,1.734,9,-92
42,1.750,8,-90
42,1.767,7,-87
42,1.784,7,-84
42,1.817,7,-81
42,1.834,6,-78
42,1.851,5,-76
42,1.867,5,-75
42,1.884,5,-72
42,1.901,4,-70
42,1.917,3,-68
42,1.935,3,-66
42,1.951,3,-65
42,1.967,1,-63
42,1.984,1,-61
42,2.002,-1,-60
42,2.018,-1,-58
42,2.036,-2,-57
42,2.052,-3,-55
42,2.070,-3,-54
42,2.089,-5,-52
42,2.102,-5,-51
42,2.120,-6,-49
42,2.135,-7,-48
42,2.152,-8,-47
42,2.168,-9,-45
42,2.187,-10,-44
42,2.202,-10,-42
42,2.219,-11,-41
42,2.236,-12,-39
42,2.256,-13,-37
42,2.274,-14,-35
42,2.285,-15,-34
42,2.302,-16,-32
42,2.328,-19,-28
42,2.347,-21,-26
42,2.368,-23,-24
42,2.388,-25,-22
42,2.406,-27,-20
42,2.418,-27,-18
42,2.435,-29,-16
42,2.452,-30,-14
42,2.469,-31,-12
42,2.485,-32,-10
42,2.502,-35,-7
42,2.525,-40,-2
42,2.535,-42,-1
42,2.554,-45,2
42,2.568,-46,4
42,2.586,-48,6
42,2.602,-50,8
42,2.620,-51,10
42,2.634,-53,12
42,2.651,-55,14
42,2.668,-57,15
42,2.693,-59,16
42,2.717,-61,18
42,2.734,-62,20
42,2.769,-63,21
42,2.784,-65,22
42,2.806,-65,23
42,2.819,-66,24
42,2.840,-67,25
42,2.851,-67,26
42,2.869,-69,26
42,2.884,-69,27
42,2.903,-70,28
42,2.918,-71,29
42,2.936,-71,30
42,2.955,-73,31
42,2.969,-73,32
42,2.988,-75,33
42,3.001,-77,35
42,3.019,-77,36
42,3.035,-79,37
42,3.053,-80,38
42,3.068,-81,39
42,3.086,-81,40
42,3.101,-83,40
42,3.119,-84,42
42,3.135,-86,43
42,3.153,-87,45
42,3.171,-87,46
42,3.184,-89,47
42,3.203,-90,48
42,3.218,-91,49
42,3.236,-93,51
42,3.251,-95,53
42,3.269,-97,55
42,3.284,-98,56
42,3.303,-99,58
42,3.316,-101,59
42,3.333,-102,60
42,3.351,-103,61
42,3.367,-104,62
42,3.383,-105,64
42,3.400,-106,64
42,3.417,-107,65
42,3.433,-107,66
42,3.450,-109,68
42,3.484,-111,70
42,3.500,-113,72
42,3.516,-115,74
42,3.533,-116,74
42,3.550,-118,76
42,3.567,-119,78
42,3.583,-121,79
42,3.600,-122,80
42,3.618,-123,81
42,3.636,-125,82
42,3.651,-126,84
42,3.670,-127,86
42,3.686,-129,88
42,3.708,-131,90
42,3.727,-133,92
42,3.749,-135,93
42,3.768,-137,95
42,3.785,-139,96
42,3.804,-140,97
42,3.822,-141,98
42,3.835,-141,99
42,3.855,-143,100
42,3.887,-144,102
42,3.901,-145,102
42,3.934,-146,104
42,3.967,-147,104
42,3.983,-147,105
42,4.000,-148,106
42,4.033,-149,107
42,4.052,-149,108
42,4.067,-150,108
42,4.083,-151,110
42,4.100,-152,110
42,4.116,-153,111
42,4.133,-153,112
42,4.150,-154,112
42,4.166,-155,114
42,4.183,-157,114
42,4.200,-157,115
42,4.216,-158,116
42,4.233,-159,117
42,4.250,-161,118
42,4.283,-163,120
42,4.317,-164,122
42,4.333,-165,122
42,4.350,-166,124
42,4.366,-167,125
42,4.382,-169,126
42,4.399,-170,127
42,4.415,-172,129
42,4.434,-174,130
42,4.451,-175,132
42,4.466,-177,132
42,4.482,-178,134
42,4.500,-179,135
42,4.517,-180,136
42,4.534,-181,138
42,4.550,-182,138
42,4.567,-183,140
42,4.584,-183,141
42,4.600,-184,142
42,4.634,-185,144
42,4.666,-185,145
42,4.684,-185,146
42,4.700,-186,147
42,4.718,-186,148
42,4.767,-186,149
42,4.784,-186,150
42,4.800,-186,151
42,4.833,-186,152
42,4.867,-186,153
42,4.884,-186,154
42,4.917,-186,156
42,4.967,-186,158
42,5.000,-186,159
42,5.017,-186,160
42,5.050,-186,161
42,5.067,-186,162
42,5.100,-186,163
42,5.117,-186,164
42,5.150,-185,165
42,5.167,-185,166
42,5.200,-185,167
42,5.217,-185,168
42,5.233,-184,168
42,5.250,-183,170
42,5.283,-182,171
42,5.300,-181,172
42,5.317,-179,173
42,5.333,-178,174
42,5.350,-177,174
42,5.372,-174,176
42,5.383,-173,176
42,5.399,-172,177
42,5.416,-171,178
42,5.433,-169,178
42,5.449,-167,180
42,5.466,-166,180
42,5.482,-164,181
42,5.499,-161,182
42,5.517,-158,182
42,5.533,-157,183
42,5.550,-154,184
42,5.567,-151,184
42,5.583,-149,185
42,5.602,-147,186
42,5.617,-145,186
42,5.633,-141,187
42,5.650,-137,188
42,5.667,-134,189
42,5.684,-133,189
42,5.700,-130,190
42,5.717,-127,190
42,5.733,-125,191
42,5.750,-121,192
42,5.767,-117,192
42,5.783,-113,192
42,5.800,-111,193
42,5.817,-107,194
42,5.833,-103,195
42,5.850,-99,196
42,5.869,-95,197
42,5.883,-93,198
42,5.900,-90,198
42,5.917,-86,200
42,5.933,-84,201
42,5.950,-80,202
42,5.967,-77,204
42,5.984,-74,204
42,5.998,-73,205
42,6.015,-71,206
42,6.032,-67,208
42,6.050,-65,210
42,6.066,-63,210
42,6.083,-60,212
42,6.100,-58,213
42,6.116,-56,214
42,6.133,-54,216
42,6.149,-53,216
42,6.166,-52,218
42,6.183,-51,220
42,6.199,-50,221
42,6.221,-48,224
42,6.233,-47,224
42,6.249,-46,226
42,6.266,-45,227
42,6.283,-45,228
42,6.299,-44,229
42,6.316,-43,230
42,6.349,-43,231
42,6.366,-42,232
42,6.383,-41,232
42,6.400,-41,233
42,6.416,-41,234
42,6.499,-41,235
43,0.000,-5,-281
43,0.201,-5,-280
43,0.218,-5,-279
43,0.234,-6,-278
43,0.251,-6,-276
43,0.284,-7,-273
43,0.301,-7,-271
43,0.317,-7,-268
43,0.334,-7,-266
43,0.367,-8,-260
43,0.383,-8,-258
43,0.400,-8,-255
43,0.417,-9,-251
43,0.433,-9,-248
43,0.450,-9,-244
43,0.467,-9,-243
43,0.483,-9,-240
43,0.500,-9,-237
43,0.516,-9,-236
43,0.533,-10,-234
43,0.550,-10,-232
43,0.567,-10,-230
43,0.585,-10,-229
43,0.607,-10,-227
43,0.626,-10,-226
43,0.650,-10,-224
43,0.668,-10,-223
43,0.688,-10,-222
43,0.702,-10,-221
43,0.723,-10,-220
43,0.752,-10,-218
43,0.786,-10,-216
43,0.815,-10,-215
43,0.833,-10,-214
43,0.851,-10,-212
43,0.884,-9,-210
43,0.900,-9,-209
43,0.917,-9,-207
43,0.934,-10,-206
43,0.951,-10,-204
43,0.969,-10,-202
43,1.001,-11,-200
43,1.020,-11,-198
43,1.033,-11,-196
43,1.049,-10,-194
43,1.066,-10,-192
43,1.082,-10,-189
43,1.099,-10,-186
43,1.116,-10,-185
43,1.132,-10,-183
43,1.149,-11,-181
43,1.165,-11,-178
43,1.200,-11,-175
43,1.217,-12,-172
43,1.233,-13,-168
43,1.250,-13,-166
43,1.268,-14,-162
43,1.284,-17,-158
43,1.303,-19,-153
43,1.318,-23,-148
43,1.333,-24,-145
43,1.350,-27,-140
43,1.367,-30,-134
43,1.383,-31,-131
43,1.400,-35,-125
43,1.416,-39,-120
43,1.433,-43,-116
43,1.450,-46,-112
43,1.466,-47,-110
43,1.483,-49,-106
43,1.500,-53,-102
43,1.516,-56,-99
43,1.535,-58,-97
43,1.558,-63,-92
43,1.582,-65,-90
43,1.602,-68,-86
43,1.630,-71,-82
43,1.649,-74,-79
43,1.668,-77,-76
43,1.691,-81,-72
43,1.711,-83,-70
43,1.733,-85,-67
43,1.751,-87,-64
43,1.772,-89,-61
43,1.784,-92,-58
43,1.805,-95,-56
43,1.824,-97,-52
43,1.835,-99,-51
43,1.854,-101,-48
43,1.868,-103,-47
43,1.886,-105,-44
43,1.901,-106,-41
43,1.922,-108,-38
43,1.933,-109,-36
43,1.950,-111,-33
43,1.967,-115,-30
43,1.983,-117,-28
43,2.000,-120,-24
43,2.017,-123,-20
43,2.033,-126,-16
43,2.050,-127,-14
43,2.066,-131,-10
43,2.083,-135,-6
43,2.100,-139,-1
43,2.116,-142,4
43,2.132,-143,6
43,2.150,-146,10
43,2.167,-149,14
43,2.182,-151,16
43,2.199,-155,20
43,2.216,-159,24
43,2.233,-162,28
43,2.249,-165,32
43,2.266,-166,34
43,2.283,-169,38
43,2.299,-172,42
43,2.316,-174,44
43,2.333,-177,47
43,2.349,-180,51
43,2.366,-183,54
43,2.385,-185,58
43,2.399,-186,60
43,2.416,-189,63
43,2.433,-193,66
43,2.449,-195,68
43,2.468,-198,72
43,2.488,-202,76
43,2.513,-205,80
43,2.533,-209,82
43,2.550,-213,86
43,2.566,-217,90
43,2.582,-219,91
43,2.599,-221,94
43,2.616,-225,97
43,2.633,-228,100
43,2.649,-230,102
43,2.666,-234,104
43,2.683,-237,107
43,2.699,-241,110
43,2.716,-242,111
43,2.734,-245,114
43,2.754,-248,116
43,2.767,-252,119
43,2.788,-255,121
43,2.800,-256,122
43,2.820,-259,125
43,2.834,-261,128
43,2.855,-263,130
43,2.874,-265,133
43,2.900,-269,136
43,2.921,-271,140
43,2.932,-273,141
43,2.949,-275,144
43,2.965,-277,146
43,2.982,-277,148
43,2.999,-279,150
43,3.016,-280,152
43,3.032,-281,154
43,3.049,-281,155
43,3.065,-282,157
43,3.082,-283,159
43,3.099,-285,160
43,3.116,-285,162
43,3.132,-287,164
43,3.149,-289,166
43,3.165,-289,168
43,3.182,-290,169
43,3.198,-291,171
43,3.215,-292,172
43,3.232,-293,174
43,3.248,-293,175
43,3.265,-294,177
43,3.282,-295,179
43,3.298,-296,180
43,3.315,-297,182
43,3.332,-297,183
43,3.348,-297,186
43,3.365,-298,187
43,3.382,-299,188
43,3.398,-299,190
43,3.415,-299,192
43,3.431,-300,194
43,3.448,-300,195
43,3.465,-301,197
43,3.481,-301,199
43,3.499,-301,201
43,3.515,-302,202
43,3.532,-303,204
43,3.551,-303,205
43,3.570,-304,207
43,3.587,-304,209
43,3.600,-305,210
43,3.618,-305,212
43,3.633,-305,214
43,3.654,-305,215
43,3.666,-305,216
43,3.685,-305,218
43,3.700,-306,220
43,3.731,-306,222
43,3.767,-306,226
43,3.815,-305,230
43,3.834,-305,232
43,3.850,-305,234
43,3.884,-305,235
43,3.901,-305,236
43,3.915,-305,237
43,3.932,-305,238
43,3.949,-303,238
44,0.000,-3,-281
44,0.218,-3,-280
44,0.235,-4,-278
44,0.251,-4,-276
44,0.285,-5,-273
44,0.304,-5,-271
44,0.320,-5,-269
44,0.350,-5,-266
44,0.366,-5,-264
44,0.383,-5,-262
44,0.400,-5,-260
44,0.416,-6,-258
44,0.433,-6,-255
44,0.449,-7,-254
44,0.466,-7,-252
44,0.482,-7,-250
44,0.500,-7,-248
44,0.533,-7,-246
44,0.549,-8,-244
44,0.566,-8,-243
44,0.583,-8,-242
44,0.599,-8,-241
44,0.616,-9,-240
44,0.632,-9,-239
44,0.666,-9,-238
44,0.683,-9,-236
44,0.717,-9,-234
44,0.734,-10,-234
44,0.751,-10,-233
44,0.767,-10,-232
44,0.784,-10,-231
44,0.800,-10,-230
44,0.817,-10,-229
44,0.834,-10,-228
44,0.851,-10,-226
44,0.867,-11,-226
44,0.884,-11,-224
44,0.900,-11,-222
44,0.917,-11,-221
44,0.934,-11,-220
44,0.951,-11,-219
44,0.967,-11,-218
44,0.984,-11,-217
44,1.001,-12,-216
44,1.017,-12,-214
44,1.050,-12,-212
44,1.084,-13,-210
44,1.101,-13,-208
44,1.117,-13,-207
44,1.135,-13,-206
44,1.150,-13,-204
44,1.167,-13,-203
44,1.184,-13,-202
44,1.201,-14,-200
44,1.217,-15,-199
44,1.234,-15,-197
44,1.251,-17,-195
44,1.267,-17,-194
44,1.284,-19,-192
44,1.300,-20,-190
44,1.317,-21,-188
44,1.333,-21,-187
44,1.350,-23,-186
44,1.367,-24,-183
44,1.383,-25,-182
44,1.400,-26,-180
44,1.417,-27,-178
44,1.434,-29,-177
44,1.451,-29,-175
44,1.469,-30,-174
44,1.484,-31,-172
44,1.501,-32,-170
44,1.517,-33,-167
44,1.534,-33,-165
44,1.551,-35,-162
44,1.567,-37,-160
44,1.584,-39,-157
44,1.600,-41,-156
44,1.617,-43,-153
44,1.634,-44,-151
44,1.651,-46,-148
44,1.667,-47,-147
44,1.684,-48,-144
44,1.700,-49,-142
44,1.717,-50,-141
44,1.733,-51,-138
44,1.750,-53,-136
44,1.767,-55,-134
44,1.784,-57,-132
44,1.800,-58,-130
44,1.817,-60,-128
44,1.834,-63,-126
44,1.850,-65,-124
44,1.867,-65,-122
44,1.883,-67,-120
44,1.901,-68,-119
44,1.917,-70,-116
44,1.934,-71,-116
44,1.950,-72,-114
44,1.967,-74,-112
44,1.984,-76,-110
44,2.000,-77,-108
44,2.017,-79,-107
44,2.034,-81,-105
44,2.050,-82,-103
44,2.067,-83,-102
44,2.084,-85,-100
44,2.100,-86,-98
44,2.133,-87,-96
44,2.153,-88,-94
44,2.167,-89,-92
44,2.184,-89,-90
44,2.200,-90,-89
44,2.217,-91,-87
44,2.233,-91,-85
44,2.250,-93,-82
44,2.267,-93,-81
44,2.284,-95,-79
44,2.300,-96,-77
44,2.317,-97,-75
44,2.333,-98,-74
44,2.350,-99,-72
44,2.367,-100,-69
44,2.383,-102,-67
44,2.400,-103,-66
44,2.417,-104,-63
44,2.435,-105,-61
44,2.450,-106,-59
44,2.467,-107,-58
44,2.483,-107,-55
44,2.500,-108,-52
44,2.517,-109,-51
44,2.533,-110,-48
44,2.550,-112,-46
44,2.567,-114,-42
44,2.583,-115,-42
44,2.601,-117,-39
44,2.617,-119,-36
44,2.633,-121,-34
44,2.651,-122,-31
44,2.667,-123,-30
44,2.684,-125,-27
44,2.701,-126,-24
44,2.716,-128,-21
44,2.733,-129,-20
44,2.750,-130,-17
44,2.767,-132,-14
44,2.783,-134,-11
44,2.800,-135,-9
44,2.817,-137,-6
44,2.834,-139,-2
44,2.850,-141,1
44,2.867,-141,2
44,2.883,-143,6
44,2.900,-144,10
44,2.916,-145,13
44,2.934,-145,15
44,2.954,-147,19
44,2.967,-147,23
44,2.989,-149,26
44,3.002,-149,28
44,3.016,-151,32
44,3.033,-152,34
44,3.050,-153,38
44,3.066,-153,39
44,3.083,-155,42
44,3.099,-156,44
44,3.116,-157,46
44,3.133,-158,49
44,3.149,-159,52
44,3.166,-160,54
44,3.182,-161,55
44,3.199,-161,58
44,3.216,-162,60
44,3.233,-163,62
44,3.250,-163,65
44,3.266,-163,66
44,3.283,-164,68
44,3.300,-165,70
44,3.316,-165,72
44,3.332,-165,74
44,3.349,-165,76
44,3.365,-166,78
44,3.382,-166,80
44,3.399,-166,82
44,3.415,-167,84
44,3.432,-167,86
44,3.450,-167,88
44,3.467,-167,90
44,3.484,-168,92
44,3.500,-168,94
44,3.517,-169,96
44,3.533,-169,97
44,3.551,-169,99
44,3.569,-169,101
44,3.583,-170,103
44,3.601,-170,104
44,3.617,-171,106
44,3.634,-171,108
44,3.650,-172,110
44,3.667,-172,111
44,3.684,-173,113
44,3.701,-173,115
44,3.717,-173,117
44,3.733,-173,118
44,3.751,-174,120
44,3.770,-174,122
44,3.787,-175,124
44,3.800,-175,125
44,3.817,-175,127
44,3.833,-175,129
44,3.851,-175,131
44,3.867,-175,132
44,3.884,-175,134
44,3.900,-175,136
44,3.917,-175,138
44,3.933,-175,139
44,3.951,-175,141
44,3.967,-175,143
44,3.983,-175,146
44,4.017,-175,149
44,4.034,-175,152
44,4.050,-175,154
44,4.067,-175,155
44,4.084,-175,158
44,4.101,-175,160
44,4.117,-176,162
44,4.133,-176,163
44,4.150,-177,165
44,4.169,-177,167
44,4.198,-177,170
44,4.217,-178,172
44,4.233,-179,174
44,4.250,-179,176
44,4.266,-179,178
44,4.285,-180,180
44,4.300,-181,182
44,4.317,-181,184
44,4.333,-182,184
44,4.350,-183,186
44,4.367,-183,188
44,4.385,-183,190
44,4.417,-184,192
44,4.434,-185,194
44,4.450,-185,196
44,4.483,-185,198
44,4.499,-186,199
44,4.516,-187,200
44,4.537,-188,202
44,4.550,-189,203
44,4.568,-189,204
44,4.583,-191,206
44,4.600,-191,207
44,4.616,-193,208
44,4.634,-193,210
44,4.652,-194,212
44,4.666,-195,212
44,4.683,-195,214
44,4.700,-197,216
44,4.716,-197,218
44,4.733,-198,219
44,4.750,-199,221
44,4.770,-200,223
44,4.798,-201,225
44,4.816,-202,227
44,4.833,-203,229
44,4.849,-203,230
44,4.867,-204,231
44,4.883,-204,233
44,4.899,-205,234
44,4.933,-205,235
44,4.950,-205,236
44,4.983,-205,237
44,5.000,-206,237
45,0.001,-2,-282
45,0.203,-2,-281
45,0.220,-2,-280
45,0.238,-2,-279
45,0.254,-3,-278
45,0.267,-3,-277
45,0.284,-3,-275
45,0.301,-3,-273
45,0.317,-3,-272
45,0.337,-3,-270
45,0.354,-3,-268
45,0.383,-3,-265
45,0.400,-4,-263
45,0.417,-4,-260
45,0.433,-4,-259
45,0.450,-5,-257
45,0.467,-5,-254
45,0.483,-5,-252
45,0.500,-5,-251
45,0.517,-5,-249
45,0.533,-5,-247
45,0.550,-5,-245
45,0.566,-5,-244
45,0.583,-5,-242
45,0.601,-5,-240
45,0.617,-6,-239
45,0.634,-6,-237
45,0.650,-6,-236
45,0.666,-6,-235
45,0.683,-7,-234
45,0.699,-7,-233
45,0.716,-7,-232
45,0.733,-7,-230
45,0.749,-7,-228
45,0.782,-8,-226
45,0.799,-8,-224
45,0.816,-9,-222
45,0.850,-9,-220
45,0.866,-9,-218
45,0.883,-10,-216
45,0.900,-10,-214
45,0.917,-11,-214
45,0.933,-11,-212
45,0.950,-11,-209
45,0.966,-11,-208
45,0.983,-11,-206
45,1.000,-11,-204
45,1.017,-11,-202
45,1.033,-11,-201
45,1.050,-11,-199
45,1.067,-11,-197
45,1.083,-11,-195
45,1.100,-11,-194
45,1.118,-11,-192
45,1.141,-12,-188
45,1.161,-12,-186
45,1.183,-12,-183
45,1.200,-12,-181
45,1.216,-12,-179
45,1.233,-12,-178
45,1.249,-13,-176
45,1.267,-13,-174
45,1.283,-13,-172
45,1.300,-13,-171
45,1.316,-13,-169
45,1.334,-13,-167
45,1.350,-13,-165
45,1.366,-13,-164
45,1.383,-13,-162
45,1.400,-13,-160
45,1.416,-13,-158
45,1.452,-13,-156
45,1.475,-13,-153
45,1.499,-13,-151
45,1.519,-13,-149
45,1.541,-13,-146
45,1.575,-13,-144
45,1.595,-13,-143
45,1.616,-13,-141
45,1.639,-13,-140
45,1.665,-13,-138
45,1.683,-13,-136
45,1.717,-13,-134
45,1.733,-13,-133
45,1.750,-13,-132
45,1.767,-13,-130
45,1.785,-13,-128
45,1.800,-13,-127
45,1.818,-13,-126
45,1.833,-13,-124
45,1.850,-13,-123
45,1.867,-13,-121
45,1.884,-13,-119
45,1.900,-13,-118
45,1.917,-13,-116
45,1.933,-13,-114
45,1.950,-14,-111
45,1.967,-14,-110
45,1.983,-14,-108
45,2.000,-14,-105
45,2.016,-15,-102
45,2.033,-15,-99
45,2.050,-15,-98
45,2.068,-16,-94
45,2.083,-17,-91
45,2.100,-17,-88
45,2.117,-17,-86
45,2.133,-18,-82
45,2.150,-19,-77
45,2.167,-19,-73
45,2.183,-19,-71
45,2.202,-19,-67
45,2.224,-19,-62
45,2.248,-19,-58
45,2.269,-19,-54
45,2.297,-18,-50
45,2.313,-17,-47
45,2.333,-17,-44
45,2.351,-16,-42
45,2.366,-16,-40
45,2.382,-15,-36
45,2.398,-15,-32
45,2.415,-14,-30
45,2.431,-14,-28
45,2.448,-13,-24
45,2.465,-13,-21
45,2.482,-13,-16
45,2.498,-12,-14
45,2.515,-11,-10
45,2.532,-10,-5
45,2.548,-9,0
45,2.565,-9,4
45,2.582,-7,9
45,2.598,-6,14
45,2.615,-5,20
45,2.632,-4,22
45,2.648,-3,27
45,2.665,-2,32
45,2.682,-1,36
45,2.699,-1,38
45,2.715,1,43
45,2.732,2,48
45,2.748,3,51
45,2.765,3,53
45,2.782,4,57
45,2.798,5,61
45,2.816,5,64
45,2.840,6,68
45,2.882,7,74
45,2.927,7,82
45,2.946,8,84
45,2.965,9,87
45,2.981,9,90
45,2.998,10,93
45,3.015,11,96
45,3.031,12,98
45,3.048,13,100
45,3.065,14,103
45,3.081,15,105
45,3.098,16,106
45,3.115,17,109
45,3.131,18,111
45,3.148,19,114
45,3.165,19,116
45,3.182,20,118
45,3.198,21,121
45,3.215,22,124
45,3.231,23,125
45,3.248,23,127
45,3.265,23,130
45,3.282,24,132
45,3.299,24,134
45,3.315,25,137
45,3.331,25,140
45,3.348,26,142
45,3.365,26,144
45,3.382,27,146
45,3.398,28,149
45,3.414,29,152
45,3.432,30,153
45,3.448,31,156
45,3.465,33,158
45,3.481,35,160
45,3.498,35,161
45,3.514,37,163
45,3.531,38,165
45,3.548,39,166
45,3.565,40,167
45,3.581,41,169
45,3.598,42,170
45,3.615,43,172
45,3.632,43,174
45,3.648,43,176
45,3.664,44,177
45,3.682,45,179
45,3.698,45,180
45,3.714,46,182
45,3.731,47,183
45,3.748,48,184
45,3.764,49,185
45,3.781,50,187
45,3.802,51,188
45,3.848,54,192
45,3.899,57,196
45,3.920,59,198
45,3.948,60,200
45,3.981,61,202
45,3.998,62,204
45,4.014,62,205
45,4.031,63,206
45,4.048,63,207
45,4.064,64,209
45,4.081,65,211
45,4.098,65,212
45,4.115,65,214
45,4.131,66,217
45,4.148,67,219
45,4.165,67,220
45,4.181,68,222
45,4.198,69,224
45,4.215,70,226
45,4.231,71,226
45,4.248,71,228
45,4.265,73,230
45,4.282,73,232
45,4.299,73,233
45,4.316,74,235
45,4.332,75,237
45,4.349,75,238
45,4.366,76,240
45,4.383,77,241
45,4.400,77,242
45,4.416,77,243
46,0.000,-5,-280
46,0.135,-5,-279
46,0.151,-5,-278
46,0.184,-5,-277
46,0.202,-6,-276
46,0.218,-6,-274
46,0.251,-6,-271
46,0.268,-6,-269
46,0.301,-6,-266
46,0.318,-7,-263
46,0.335,-7,-261
46,0.351,-7,-258
46,0.385,-7,-255
46,0.402,-7,-253
46,0.419,-7,-250
46,0.435,-7,-249
46,0.451,-7,-247
46,0.469,-7,-244
46,0.485,-7,-242
46,0.501,-7,-241
46,0.518,-7,-238
46,0.535,-7,-236
46,0.552,-7,-234
46,0.568,-6,-232
46,0.584,-6,-230
46,0.601,-6,-228
46,0.618,-6,-226
46,0.635,-6,-224
46,0.651,-6,-223
46,0.668,-6,-221
46,0.685,-6,-219
46,0.701,-6,-217
46,0.718,-6,-216
46,0.736,-6,-214
46,0.752,-6,-211
46,0.768,-6,-209
46,0.784,-6,-208
46,0.801,-6,-206
46,0.819,-7,-204
46,0.835,-7,-202
46,0.851,-7,-200
46,0.868,-7,-199
46,0.885,-7,-197
46,0.901,-7,-196
46,0.918,-8,-194
46,0.935,-8,-192
46,0.952,-8,-191
46,0.968,-8,-189
46,0.985,-9,-188
46,1.001,-9,-186
46,1.018,-9,-184
46,1.034,-10,-182
46,1.052,-10,-181
46,1.069,-11,-180
46,1.085,-11,-178
46,1.100,-11,-177
46,1.118,-12,-175
46,1.134,-13,-173
46,1.151,-13,-171
46,1.167,-13,-169
46,1.183,-14,-168
46,1.200,-15,-166
46,1.217,-15,-165
46,1.233,-16,-164
46,1.250,-17,-162
46,1.267,-17,-160
46,1.283,-19,-158
46,1.301,-20,-156
46,1.318,-21,-156
46,1.334,-22,-154
46,1.351,-23,-152
46,1.368,-24,-150
46,1.385,-25,-149
46,1.401,-26,-148
46,1.418,-27,-146
46,1.435,-28,-144
46,1.452,-29,-143
46,1.468,-29,-142
46,1.485,-30,-140
46,1.501,-31,-139
46,1.518,-31,-137
46,1.535,-32,-136
46,1.552,-33,-134
46,1.568,-34,-133
46,1.584,-34,-132
46,1.602,-35,-130
46,1.617,-36,-129
46,1.635,-37,-128
46,1.652,-37,-126
46,1.668,-38,-125
46,1.684,-39,-124
46,1.703,-41,-122
46,1.718,-42,-120
46,1.734,-43,-120
46,1.752,-43,-118
46,1.769,-45,-116
46,1.784,-45,-115
46,1.800,-45,-114
46,1.817,-46,-112
46,1.834,-47,-110
46,1.850,-47,-108
46,1.867,-49,-106
46,1.884,-49,-105
46,1.900,-49,-103
46,1.917,-50,-101
46,1.934,-50,-99
46,1.950,-50,-98
46,1.967,-51,-97
46,1.984,-51,-95
46,2.001,-51,-93
46,2.025,-51,-92
46,2.043,-51,-90
46,2.052,-52,-90
46,2.070,-52,-88
46,2.102,-52,-86
46,2.119,-53,-85
46,2.138,-53,-84
46,2.150,-53,-82
46,2.167,-53,-81
46,2.183,-54,-80
46,2.200,-54,-78
46,2.217,-55,-77
46,2.234,-55,-76
46,2.250,-55,-74
46,2.267,-55,-72
46,2.283,-55,-71
46,2.300,-55,-69
46,2.317,-56,-67
46,2.334,-56,-65
46,2.352,-57,-64
46,2.369,-57,-62
46,2.390,-57,-60
46,2.409,-58,-58
46,2.433,-59,-54
46,2.452,-60,-52
46,2.471,-61,-49
46,2.485,-61,-48
46,2.503,-63,-46
46,2.518,-63,-43
46,2.540,-63,-41
46,2.551,-64,-40
46,2.567,-65,-37
46,2.584,-65,-34
46,2.600,-65,-33
46,2.617,-66,-30
46,2.634,-67,-28
46,2.650,-67,-26
46,2.684,-68,-24
46,2.700,-68,-22
46,2.717,-68,-20
46,2.734,-69,-17
46,2.750,-69,-16
46,2.768,-69,-14
46,2.786,-69,-12
46,2.800,-69,-10
46,2.817,-69,-8
46,2.834,-69,-6
46,2.852,-70,-4
46,2.867,-70,-2
46,2.883,-71,0
46,2.900,-71,2
46,2.917,-71,4
46,2.934,-71,6
46,2.950,-71,7
46,2.967,-71,9
46,2.983,-71,11
46,3.000,-71,12
46,3.017,-71,14
46,3.034,-72,16
46,3.050,-72,18
46,3.067,-73,20
46,3.083,-73,22
46,3.100,-73,24
46,3.117,-73,26
46,3.134,-73,27
46,3.150,-73,28
46,3.167,-73,30
46,3.184,-73,31
46,3.200,-73,33
46,3.217,-73,34
46,3.234,-73,36
46,3.251,-73,38
46,3.267,-73,40
46,3.283,-73,42
46,3.300,-73,44
46,3.317,-73,46
46,3.334,-74,47
46,3.350,-74,49
46,3.367,-75,51
46,3.384,-75,54
46,3.400,-75,55
46,3.417,-75,57
46,3.434,-75,60
46,3.450,-76,62
46,3.483,-76,64
46,3.500,-76,66
46,3.517,-76,68
46,3.533,-76,69
46,3.550,-77,70
46,3.567,-77,72
46,3.584,-77,74
46,3.600,-77,75
46,3.616,-77,77
46,3.633,-78,79
46,3.650,-79,81
46,3.667,-79,83
46,3.684,-79,84
46,3.700,-80,86
46,3.717,-81,88
46,3.733,-82,90
46,3.767,-83,92
46,3.784,-83,94
46,3.800,-84,94
46,3.817,-85,96
46,3.833,-85,98
46,3.850,-86,101
46,3.868,-87,102
46,3.883,-87,103
46,3.900,-88,105
46,3.916,-89,106
46,3.934,-89,108
46,3.950,-89,109
46,3.967,-91,111
46,3.983,-92,113
46,4.000,-93,114
46,4.017,-94,115
46,4.033,-95,117
46,4.050,-97,118
46,4.067,-98,120
46,4.083,-99,121
46,4.100,-101,122
46,4.116,-102,124
46,4.134,-103,126
46,4.150,-104,126
46,4.166,-105,128
46,4.183,-106,129
46,4.200,-107,130
46,4.216,-107,132
46,4.233,-108,133
46,4.250,-109,135
46,4.267,-111,137
46,4.284,-111,138
46,4.303,-113,140
46,4.318,-115,142
46,4.342,-118,144
46,4.364,-121,148
46,4.383,-123,150
46,4.399,-123,151
46,4.416,-125,153
46,4.433,-126,155
46,4.449,-127,157
46,4.466,-129,159
46,4.483,-129,160
46,4.500,-131,162
46,4.516,-133,164
46,4.533,-135,166
46,4.549,-137,166
46,4.567,-139,168
46,4.585,-141,170
46,4.606,-142,171
46,4.618,-143,172
46,4.635,-145,174
46,4.651,-146,175
46,4.668,-147,177
46,4.684,-148,178
46,4.703,-149,179
46,4.718,-152,181
46,4.736,-154,182
46,4.750,-155,183
46,4.768,-157,185
46,4.784,-159,186
46,4.804,-161,188
46,4.826,-162,189
46,4.849,-163,191
46,4.867,-164,192
46,4.889,-165,194
46,4.918,-166,196
46,4.952,-167,198
46,4.967,-168,200
46,4.985,-169,201
46,5.001,-171,203
46,5.018,-171,204
46,5.035,-173,206
46,5.050,-174,207
46,5.070,-175,208
46,5.084,-175,210
46,5.102,-177,211
46,5.118,-177,212
46,5.135,-178,214
46,5.152,-179,216
46,5.176,-179,217
46,5.198,-180,218
46,5.217,-181,220
46,5.235,-181,222
46,5.273,-181,225
46,5.291,-181,226
46,5.308,-181,228
46,5.325,-181,230
46,5.348,-181,232
46,5.368,-182,233
46,5.384,-182,234
46,5.400,-182,236
46,5.433,-181,237
46,5.449,-181,238
